2058
3193
3977
3918
3309
6020
1125
2949
6944
471
1251
3465
3466
2182
2017
7091
5984
1017
1803
2169
2796
3854
4724
2956
4061
2962
4413
766
1490
4726
5559
6609
6202
7230
2016
1215
397
6853
4197
3918
3060
4694
4612
6503
4670
2963
6306
4057
1623
3566
3035
4250
4861
4406
4408
613
4760
2905
602
3886
4139
4781
3716
3791
7056
771
1475
562
539
4538
4269
6546
3195
4906
334
436
2426
6846
1702
3169
2997
6349
4864
1491
6469
4312
454
766
4032
3741
6844
4882
5776
1017
7145
990
472
5837
687
5128
4052
5700
6671
1279
1569
6527
7110
3161
3972
5209
5340
3539
2803
7004
3776
6045
3376
471
3578
1284
2237
6571
4197
4474
6297
2776
7207
3954
7183
3893
493
4268
4108
4208
6490
3769
3560
3096
2120
6925
4207
1705
1112
3891
6099
7230
772
3692
894
562
6904
6603
3168
1643
6328
3066
573
3039
3240
578
1310
6349
275
5078
<6657>find pair:(275,5078)
3980
4127
5464
6601
6048
<1111>find pair:(6601,6048)
6256
4443
845
4130
3654
4833
5265
6466
703
7010
1441
745
474
907
7168
268
5981
622
4541
5806
1092
6149
3766
715
561
735
2845
4809
1192
6475
504
5466
647
2926
2477
1070
2848
6350
6033
5779
1846
3734
6503
1110
666
627
4071
2582
2632
1761
6869
4073
5171
7023
313
4041
4956
685
907
4576
2601
3887
3933
1139
3340
5804
3590
291
1453
1371
2606
735
4340
7060
604
287
1448
1263
3528
6487
1491
6162
6114
6175
3457
4220
1139
1372
1080
3599
735
3058
4696
395
2200
3539
307
4645
3943
4430
5793
5098
6349
6966
549
3919
2528
7147
6162
3208
6431
5072
7231
6215
2449
4727
4612
4391
1479
5809
3266
4608
5411
1257
5409
6944
3909
4932
1704
526
3745
1490
3748
6791
4180
7110
3691
336
2262
1329
7023
4331
2625
6383
4196
6944
6944
3161
3972
4293
6701
2577
4137
5098
7168
3756
958
4116
6487
5024
1301
4344
5125
6527
4833
1611
1406
845
735
4268
2493
4812
1688
1795
3508
4140
2396
2513
4754
3820
1468
1089
1032
7055
3886
732
4360
6790
4833
7093
5128
2762
5732
1906
6487
3931
3388
4722
4149
4538
4094
978
5032
471
4360
896
3743
3031
3161
6335
6477
356
3705
2265
6570
6397
6327
7168
4726
6514
7184
2718
704
492
3765
1481
6531
3432
1159
4693
1261
1290
5311
4339
2893
6063
5961
4318
6869
3909
3890
6045
4235
3785
6868
4100
3999
1046
948
4539
1345
4864
715
4408
2212
4412
2761
824
1017
3690
3822
3748
4269
819
492
1377
6925
2980
6021
3466
3686
6671
4033
3262
4283
4012
5321
3729
6394
1053
4273
5822
1029
6784
7231
4864
348
1009
4367
5197
2018
3262
4435
5347
2142
6298
6059
2833
6602
6513
3432
332
2631
1908
6868
3748
1686
7193
4538
4860
844
3125
1616
6640
6283
4215
1046
3200
3012
3031
7056
4697
285
1143
6837
638
6604
450
3164
5666
6503
1741
4373
5053
770
6109
3189
1077
3921
6303
824
3249
6671
1054
1085
6047
3936
2577
1052
667
5124
3890
622
4085
3305
3161
772
1164
6354
6284
6199
7166
4808
6271
1433
1116
1377
6945
3665
2509
1677
586
5272
2237
4023
3726
5914
7023
6514
3457
3665
4697
5830
1677
1143
4105
3190
6495
7168
6865
6531
1387
1455
4735
2618
3432
3604
3138
2926
3819
1854
4348
7056
4139
1575
1376
4105
1609
1374
6475
4366
1088
5247
746
2204
2923
3575
633
1187
6283
6232
2138
4538
3805
5984
3289
1376
4105
3139
4273
6966
6944
4973
1428
7097
1423
6495
2449
3001
5266
4121
7164
6945
1093
6723
3208
1409
6559
2620
3976
2143
4472
3847
7166
3497
1892
1722
3115
1240
4755
3083
6095
1245
2528
6570
1764
345
1505
4105
1301
1255
6297
6397
1276
4694
5447
2746
5838
1437
2528
4978
6032
7184
3643
4222
6136
4608
6604
5857
2761
1250
6729
5493
4422
5443
5005
3935
1291
1463
5776
1841
5516
1298
6059
4905
5985
4539
4334
6943
1575
6452
5563
334
1440
3352
6642
395
1318
3516
4173
978
1323
6019
4013
1328
1722
4643
6383
7166
1484
4026
1374
5831
6138
282
1440
351
1518
348
1034
3516
4002
1230
3923
1353
7193
1322
5890
6466
532
956
1640
1393
3590
6030
4910
3827
1219
5079
2651
6044
6640
722
1376
4057
3899
4111
4191
1054
1931
5984
286
5877
1540
5130
1423
3057
6199
861
7077
3923
7211
1234
3979
6531
848
1376
4057
2511
4697
1414
6762
3693
4139
4327
1039
1423
3934
1940
3200
6401
1430
5864
7060
6329
6797
1330
3570
1579
3723
6044
4439
3063
1033
2084
1448
5600
266
5982
<1625>find pair:(266,5982)
4064
2990
1457
3550
2762
4503
1681
1502
1467
6672
4726
292
7182
6415
448
3548
1506
4864
4864
4693
5003
1761
3059
4015
1487
5614
6642
1305
6232
6750
7229
3757
4346
4346
4139
7233
6458
526
1505
4057
6234
7023
308
6822
2604
6965
1515
1667
1518
1095
6555
2057
4941
1617
2419
914
974
1529
7193
6078
1533
4435
4726
7166
6944
4413
1541
1814
6202
449
6907
3734
3805
690
1551
5007
609
3473
4405
6477
1705
4078
7166
2739
4510
3608
1566
5985
6202
6380
596
1641
1855
4220
414
6047
697
1579
977
5573
3931
727
4007
3571
1051
1589
1329
1591
2960
4834
5682
4809
4408
1397
2762
5919
1124
2492
1554
1606
5091
4949
4139
4312
4078
558
5456
5854
1617
2977
5832
1621
5238
4061
4149
4123
6504
6648
961
3787
5197
1309
3486
3604
3521
6714
5774
5192
5919
6283
7183
5559
6924
6200
3822
6531
3116
1654
3723
6259
3693
3540
7184
1704
7039
7207
1479
2943
5933
<5954>find pair:(2943,5933)
1669
5222
5599
792
3031
6463
4148
6301
2700
6303
1022
1475
1683
2620
2022
1244
1688
2784
2106
3166
5149
6000
3097
4721
1814
2103
5835
1608
6423
1301
6149
6515
6791
3572
1014
770
1713
1853
3767
3743
6547
445
2302
2634
1591
7057
3061
5500
6328
412
6296
6165
2806
5464
4310
6088
3015
3659
2068
6517
6569
3590
4191
1623
3539
286
3398
1911
1753
6083
1756
6301
328
7190
3653
6465
2959
6513
5952
1480
1823
6540
3058
4220
2178
401
4258
2089
1781
5007
6009
2720
1786
2633
1789
4076
3594
1164
1524
979
1823
5654
6904
5819
4833
6369
708
1804
1954
1807
6519
1619
2624
2018
6822
4223
1623
1816
6314
1395
3803
6545
1823
2029
7249
2988
3262
3660
5748
5813
3289
474
4067
2635
6961
6222
5370
6965
4070
7147
5145
4254
4443
1855
1277
2028
1915
3073
320
3046
1866
4730
1936
1870
857
6663
1875
1171
5571
2966
1883
610
6918
1888
4209
1323
1892
4660
6255
4171
2695
5125
4053
1900
1772
6019
732
1989
2069
6485
5550
1937
4469
5333
3363
1919
3073
3335
3335
1925
4495
1934
5451
6179
5483
2634
1937
5446
1814
1672
2513
4346
4347
4250
3388
3695
1677
3316
2516
4730
2030
4514
2749
7154
3213
1962
3362
3274
2911
1968
3636
4041
5751
1494
1974
2188
1976
5217
5106
891
3712
5767
2980
3220
6450
6044
504
1905
2658
2501
2310
6932
6877
6932
5557
1994
6606
6507
1502
761
2007
2062
2010
3746
7045
2816
1731
4172
283
4326
884
2021
1575
6216
3348
4012
608
2028
5351
2291
2704
2081
4421
4763
6093
3303
7197
2036
2043
6801
487
2047
6663
2412
3334
2816
6162
7214
4326
812
6058
2879
1400
7193
7060
3063
523
2028
2400
3816
2749
4914
577
2075
6975
3187
6841
6093
2123
2126
2086
6762
4418
796
5430
4485
5959
5056
2421
5246
5660
6770
5754
462
2105
6545
3729
4911
6045
732
2068
4373
2079
6913
4914
4679
4660
4589
2265
4868
2031
1502
2128
5466
288
5622
6839
2856
1194
5561
4193
1244
5952
6469
5997
6573
6248
998
2149
1832
2189
3303
2970
4842
4842
3106
6788
4732
3304
2134
2163
1142
2166
5863
4966
3186
6831
3004
2175
6868
6020
6819
2066
2181
574
1862
3401
3303
3449
4763
2539
2190
4732
4686
3242
6507
4017
1288
1786
3616
3185
2203
4730
3858
1154
4585
402
2210
6832
6780
6020
411
2219
2882
7139
3274
1862
4480
1956
3025
3104
2368
2163
265
1891
5604
474
4868
5305
6375
5299
2920
5389
6105
4924
4422
5174
7247
5930
6710
3068
2260
1207
6208
3152
2540
7222
1893
2268
5131
4648
3025
3335
1913
5206
1142
2184
6459
4484
6212
5110
5188
<4740>find pair:(5110,5188)
2799
5305
2483
6212
6212
2295
2170
2920
2299
650
2301
1589
5876
1722
3774
2308
7030
5514
4702
2194
4248
6408
2882
3242
1861
2320
6920
1329
7034
4485
2207
5671
5353
2389
2337
2388
2387
5853
5314
6184
4767
6132
7035
7099
5277
4555
2403
6858
1824
4703
4732
6776
2357
5204
1954
6950
4765
4890
2161
2366
6939
2369
6939
4592
2373
5713
5966
5966
5966
5967
2383
5625
5624
2387
5627
2132
2390
6131
4453
5436
6894
2431
4511
4816
2030
4702
3183
2034
6789
5510
5582
362
2410
5282
5305
7046
7054
1309
5920
3458
4345
3687
3453
5930
2375
<6370>find pair:(5930,2375)
5968
5966
5966
2427
2431
6788
6975
6783
7028
2731
4703
7180
4939
2445
6927
4782
5319
6285
3374
4124
5729
2790
2456
577
3400
3272
1893
2793
2462
7221
6960
5305
5065
2470
3965
5121
6020
3433
2476
6994
2124
2609
4762
5512
2443
5276
2344
2486
2467
2488
4254
6163
6045
6869
4312
2495
2767
750
4937
2500
3102
5132
5251
7036
5972
6515
4242
6749
6503
4538
375
2789
1834
2914
2609
4895
4850
5510
5251
2867
3540
4907
5779
3161
1808
4268
6530
2676
2789
4373
2398
4713
6853
5179
2546
7108
4262
6277
4173
6163
3769
1462
1248
3769
3927
4991
5131
3401
2462
6805
5654
2545
5251
5361
2031
6885
7184
3901
6671
2602
3759
6123
1005
506
3849
821
2517
651
6852
1915
7001
5251
6960
2867
3030
3457
2598
5030
4204
1032
4061
4139
702
3764
1086
2500
4679
4592
4874
6959
5251
2453
1704
5079
3489
4078
3759
688
6475
4781
6064
2164
4199
5579
2356
2636
6960
5361
2484
2641
5111
6271
910
3110
4311
2956
4239
6926
4061
3869
6170
2127
3528
4703
4705
6960
6003
4918
5276
2774
2137
6085
5217
6198
7184
1626
1444
3759
3497
3473
2679
3073
4556
3242
7243
7029
1961
7098
5109
2689
2672
3688
6466
1301
4412
7132
3724
7231
6588
1322
2702
3370
2081
4766
2730
4795
2640
2569
2713
4014
2421
4124
4053
1818
4191
3935
4073
291
2724
7065
3498
1998
5361
2730
7221
5065
5409
6309
309
2737
7056
3307
2741
891
2577
3891
3682
2497
5326
3240
7029
5394
5179
7231
3457
4885
5984
4169
4863
4143
314
3226
6555
2496
2768
4733
7029
5394
5250
2616
4131
3356
6545
6588
1379
267
4111
<7460>find pair:(267,4111)
1461
837
6423
4858
4441
2789
5009
2122
6960
5132
6003
4485
2866
2568
2052
6502
4694
6383
4949
374
6044
5710
3822
6310
5984
625
472
984
7018
4762
2289
5132
5226
2482
6885
3901
1006
3199
5056
4274
4084
2849
5267
426
6907
5009
3132
1069
<5266>find pair:(3132,1069)
6105
5306
6266
2799
2467
818
2846
7006
7056
7184
3379
2852
6650
2837
2816
2092
4485
2503
2861
2856
6912
2443
4964
6525
3909
6386
1304
915
6640
2016
6297
3936
975
2903
3528
3041
4649
1069
5331
5510
6106
6622
6960
5305
5276
5735
2761
3089
6138
4406
2489
2899
4149
4312
4211
984
2422
3611
1911
3300
5209
2639
6241
2348
2915
5117
5389
2919
2546
7099
3796
7007
5292
3342
6423
1987
4172
4346
2603
5291
558
2984
482
7049
7124
6713
5938
1517
2944
7160
6687
3627
5587
2638
5389
2290
5098
4265
4311
3057
3566
3161
3846
7172
3118
7140
7049
6976
5457
5695
7054
6470
5243
1491
3161
6283
7166
4220
1439
6826
3384
7140
2987
5009
2967
7036
5729
3965
1809
3170
6943
6020
739
4755
1532
6826
3384
7140
7140
2316
6792
6671
3057
3618
4148
3741
6965
4149
4067
3020
3143
3611
3557
3025
4511
5816
4405
4267
3088
6326
5197
4243
6847
1532
6674
7085
3006
3043
6307
1155
3046
2280
3048
599
3051
2170
3053
2658
1127
3056
7093
7168
2628
4273
4317
3088
1016
3065
3384
7124
5816
1390
2501
4710
5363
2074
4416
2373
3078
6225
3272
5072
5196
1089
5446
4948
3822
7091
6297
1267
3091
609
1591
3384
3006
3095
4865
4260
1922
2373
3274
4712
2296
4703
4237
807
6493
824
3111
1536
1403
5488
6019
6869
1378
3117
3143
6657
7124
7160
6657
6629
5457
3125
3102
3274
4712
2296
3098
3025
6923
3933
5238
1461
6297
3090
6337
2445
4671
3730
7113
3384
6809
3263
3263
3499
3291
2479
3271
857
4871
6789
857
3158
3273
6525
3486
2098
4180
2850
5778
2833
3987
6386
452
3172
4990
7160
5791
4430
751
6435
4551
2263
3392
5550
3335
6883
1911
5171
450
6598
6467
2776
4472
5531
1941
3762
3952
1230
3231
444
3204
6592
782
982
5060
1056
6860
2436
4763
2285
4702
7124
3188
3822
3862
5218
5055
5268
372
3226
6044
3897
3940
3289
3202
3230
2259
2422
303
6625
539
4349
2751
4660
4891
2560
3271
3026
1457
4863
3113
3283
6869
375
3255
4907
3762
5796
3260
844
3262
5818
1428
3265
1799
485
4823
4551
2265
5550
3275
6877
2311
5595
4973
4180
3805
665
6010
1304
7093
2673
6890
1591
6592
2211
3150
2634
6592
<4601>find pair:(2634,6592)
5493
647
4373
4623
3816
6788
2161
4730
6922
2040
2415
6869
3978
3952
5561
3674
7077
6149
1625
465
1951
3318
2215
3320
1293
3322
2944
3325
2167
3334
3304
2358
4421
5517
3183
5550
6577
3337
2362
4932
5984
3687
5218
6640
1854
4250
6100
4229
6040
2516
2182
3150
3612
4576
1398
3358
5711
7137
3304
1918
2031
6931
7243
5209
6840
6539
2728
5864
3377
769
3376
2600
4312
3408
6890
1360
1314
5047
3612
6988
964
486
4215
1328
3304
3247
3394
2334
3396
1868
3369
3400
2311
1591
3088
3936
1372
6588
4335
378
3410
2904
7241
4047
2671
3416
1166
3053
4020
2221
6877
1806
3424
6757
3549
6714
6545
3743
6609
2962
6503
979
3437
3809
5703
2881
3706
6021
3079
4116
7243
3304
4373
6093
7069
2949
4760
<7341>find pair:(2949,4760)
3454
4583
1467
6311
6045
6467
2178
3979
545
3464
1761
3439
3023
2108
2454
6540
750
3549
3334
2252
3476
2239
4427
2400
258
5931
4408
1388
6766
6233
4172
3489
2604
1444
1855
6609
3730
3627
6784
689
6915
1438
3501
3426
3503
6880
7198
4515
3508
6060
6163
4161
3489
3757
4018
6283
4576
2138
4725
4053
1149
3522
6868
4430
3120
360
3577
2881
2212
3531
6624
6657
3007
4038
3653
7057
4242
6369
6336
4578
4196
6819
6869
1638
3573
1420
2250
5458
3582
3266
7247
7140
2199
6632
778
6108
5218
3977
6442
1346
978
6326
6045
3161
3289
3573
1318
1737
3577
3561
289
1683
2634
3582
2969
6624
3504
3587
6985
2182
1855
2722
3140
4018
1697
6232
5766
3763
1505
1616
5742
7075
7146
3605
3176
3607
6625
2199
6937
3145
1386
3614
2182
4255
6309
2056
1853
3458
2899
3161
4149
6530
7217
5470
3601
7231
6531
1301
5525
4147
1303
7113
5106
4034
3266
5984
1619
5103
7184
3590
3190
4190
6203
6944
765
3651
4382
3743
1461
6518
5946
4184
6383
6341
3262
1581
6260
3862
6513
3954
4216
6869
4324
3670
3363
1313
5755
966
7147
1599
6381
3679
5919
6989
3289
4258
7088
439
6122
4167
6366
6965
6121
7214
7165
5171
4162
1532
3697
4105
5781
5409
727
2106
350
5889
3375
7147
609
3709
1183
3711
5952
5194
587
7077
4145
3845
1625
3720
6617
935
7147
6570
4196
1292
1059
3730
7045
5735
6744
3876
5918
3190
5488
6064
3571
2697
3570
795
3765
4340
914
1147
5940
7060
4091
3951
5448
6555
5164
6965
6869
4221
816
3764
4105
4194
2579
5984
4139
6109
6191
3848
7045
2134
6090
2550
555
6601
3719
3934
4612
4401
976
457
5263
4641
4838
3490
451
3875
3141
7045
1183
2869
4172
6723
6820
2785
280
3803
<1627>find pair:(280,3803)
1688
914
3682
3807
1615
1088
7090
7110
4580
690
5957
7220
1318
5779
6256
784
3493
3170
3933
1610
3827
4035
3829
4177
4249
6514
3493
3835
4268
2016
2558
3731
5199
1082
4472
5244
7093
3743
2177
4809
1532
2632
4130
6064
4149
6301
1948
6723
5321
5405
5694
6214
923
1159
1896
6147
5830
6045
3912
6749
4056
6790
2055
3563
5007
6244
4366
4400
7214
4033
3754
2157
6233
6311
5742
6723
4139
4344
3890
4231
3161
765
3894
4130
4949
884
1855
6565
3901
299
3927
4451
321
3906
5906
6609
1647
6542
6945
6232
684
492
25
3962
4612
2493
6246
3493
3230
1880
3980
4324
3927
2913
5409
6531
4139
3341
6044
6570
6869
765
3651
4382
6312
824
5164
6558
682
7040
3491
4543
6931
7036
5806
6531
5168
5267
884
1257
3591
1743
3961
4105
2513
1537
4003
627
3967
1926
5023
3458
2016
3744
7045
5735
1163
3689
5238
5919
4184
7008
4173
2066
4195
4056
6790
7146
1983
3515
2624
2026
6909
6297
3208
7045
3733
3998
6089
5488
6089
6490
3741
7023
5857
784
732
1029
4105
6942
1558
476
6013
489
4016
1518
6966
4327
3973
2913
4023
7109
4406
6203
4504
6885
6531
870
492
4200
951
5641
4757
969
1400
792
4040
7239
5595
6558
3754
3467
6791
5522
4050
1736
2528
6570
1899
4008
4921
5119
1786
3946
4906
5812
1643
4699
4065
1735
7238
5694
687
3942
6330
5447
2825
2955
3892
6944
6869
2420
4080
1711
2106
4948
3088
3574
7237
2017
1591
3757
6504
7045
1960
4094
4207
1159
5995
1374
6395
6020
5983
1708
2632
4105
5268
5485
5218
264
4110
3563
6423
2574
4115
3477
544
2140
1596
3386
1403
1736
2812
5245
6885
3520
4128
492
4404
6348
7207
6231
6275
4073
4223
4239
7147
286
4141
2034
4143
6571
4295
2739
4147
2955
1774
3386
2997
4153
3871
1764
4148
3289
4503
3056
1593
4669
4163
5605
650
4166
2103
4273
7020
1268
929
6395
6256
865
4176
3986
3059
4694
6596
4366
6588
7023
474
5114
2000
4189
3647
3514
5218
2998
3887
818
2848
334
1920
5388
6784
3016
3200
4783
6723
6518
3090
7183
4210
575
4212
1912
4214
2715
1245
6115
4724
3701
6503
1536
2849
279
4225
1615
2513
1652
5128
2645
893
21
4234
2677
4116
1995
1854
2977
5700
6640
978
6503
4722
4197
39
4247
2032
2783
2742
469
4253
7145
4143
4278
5690
1711
4479
4047
1468
7023
6301
4838
6554
2177
2598
4055
492
4404
6799
4197
6096
3207
3931
1762
4279
1226
4510
6747
3887
4864
5098
1332
4250
4312
4949
283
4292
6079
5999
784
6797
2261
289
<7596>find pair:(2261,289)
4580
290
4301
2808
4303
419
1326
4913
4047
6989
6531
1621
2674
6503
6602
3613
492
4469
4317
3017
5797
4321
6579
6495
3832
4325
6868
6794
420
2000
7110
6147
6869
6019
4401
270
4337
1920
6904
434
1494
5650
2826
2447
3489
3388
1796
4700
6119
6048
4578
4859
6020
4400
6569
2080
6268
4358
42
6608
6502
6328
4412
4861
3768
5889
2609
4374
6945
3590
3653
4335
6802
921
4381
6559
4308
3234
1931
4386
2824
3223
6415
1413
4392
1963
2077
1352
3068
4400
575
4400
6020
1521
381
4996
4025
1411
6888
4538
4204
2695
1493
1804
2394
1921
6939
4419
3049
5656
7070
511
6118
5534
7140
3860
3266
3262
6540
6306
5369
4173
5684
5292
1811
3942
809
4442
1389
6812
4560
4447
5209
2291
4450
4762
3072
5305
362
<1778>find pair:(5305,362)
6624
420
1863
6002
4457
1917
4462
3557
4464
2411
4464
2313
4469
7231
1301
5684
1699
4273
726
4476
6614
684
6625
4450
2436
2285
3447
4702
2170
2208
2263
2030
5132
4743
6042
4846
2286
4494
4497
4497
<3374>find pair:(4497,4497)
1416
4499
4857
4053
4156
7131
4049
1628
714
6141
5733
5009
4762
5108
3271
3447
1069
6225
4520
4649
2727
4679
6806
1915
4872
2125
5633
4532
4573
4530
5633
4537
3714
6044
5919
6173
1387
4544
2647
6091
2302
2220
6621
2263
3151
3098
4767
4732
6621
2237
4558
4594
4872
4866
6896
3072
4566
4568
4570
4691
4573
4667
4609
5749
2532
7077
1535
4041
5023
3999
286
2208
4586
4591
7141
3401
5512
4768
4742
5549
4794
2478
<3673>find pair:(4794,2478)
4769
2685
4803
4804
<3778>find pair:(4803,4804)
5479
4829
4459
4639
587
3134
1017
4504
689
4614
4286
504
4617
4769
2265
6940
4621
512
4623
5277
5273
4686
2709
6377
2616
4631
4533
4634
5637
4632
4717
7025
3822
910
3921
5806
4726
5106
6039
1255
4841
2040
1956
2859
4480
6042
3242
6621
6950
7221
4768
4630
2770
4662
5043
4665
5260
4405
3691
4671
4290
4671
3056
4673
1922
4675
4237
5035
4702
4712
5252
4515
7001
5509
5132
1912
1751
4829
4689
2466
5161
383
6330
4072
5098
4168
1537
6965
283
4934
4679
4702
6975
4521
2705
4712
4767
3303
4709
6960
4710
4485
4743
513
4715
5590
4601
5260
5004
3653
3820
1105
3836
1519
2255
4729
7221
4555
4788
2083
6960
2051
2545
6805
2613
4740
4680
5277
4744
4746
4663
4749
5214
7243
4752
6531
2899
4931
4149
4125
3466
5933
4761
4682
2030
4648
6896
5511
4767
3181
4872
2504
1842
4774
6027
4716
4569
1154
4970
6784
3793
6530
4095
3743
1674
1454
3262
2324
4789
1127
7220
5154
2660
5474
7138
4685
4798
4776
4600
4802
5634
4805
6868
5447
1124
1855
6216
6286
3793
1694
5009
4489
2913
5695
5162
5251
2504
5958
4825
1866
4827
4661
4600
5800
2360
6904
910
4039
1346
5726
3373
3947
4840
6839
5549
2464
2075
6042
5110
7001
5110
5362
5511
2093
4876
320
5161
4601
5233
4276
1467
4148
3952
4931
2956
2513
1326
6931
3213
2478
7221
2640
5512
4766
2541
2617
4876
320
4878
5312
3158
6517
6163
6351
3702
5729
5984
4344
2756
2702
4891
6003
5334
6951
2732
288
5213
7012
4901
2238
4903
5119
3999
824
4053
4909
6248
6723
1008
7045
3271
7035
5251
5090
5432
4921
2287
4923
5310
4071
1036
6019
285
4929
1596
5849
330
4934
3332
5250
7035
5251
5087
6365
650
4177
2465
5214
4881
3953
1608
5805
4952
2630
4955
3936
394
4958
2943
6606
5251
7001
7053
2484
6698
1859
6763
4747
5313
4880
1711
3946
4975
5079
6542
4174
2422
4033
5731
1000
4983
3174
5251
5548
4768
2797
4989
2879
4994
5634
6183
4996
625
4998
4148
1479
5001
2141
983
5004
5006
3653
1741
4733
5251
5038
2611
6051
750
2240
5017
6056
5591
4904
4209
5890
5767
1234
3969
3512
1396
1477
5028
7040
1854
6985
5009
5334
5276
4962
2663
5558
271
5042
7154
5478
5046
7193
6791
1947
644
1176
4216
957
5055
1520
1596
5058
5005
4514
7099
2660
5276
5110
5251
1780
3230
4636
2338
5188
3081
1486
5074
4932
802
5077
6327
5754
4440
6966
412
5151
5061
2665
6707
7100
5133
5091
581
6912
5162
5716
4405
5097
6122
2104
267
5101
<8406>find pair:(267,5101)
6032
4783
6526
5106
5605
6042
5133
5276
2687
1098
1315
2358
6133
5019
4692
2449
6198
1742
270
5123
6314
3083
6354
5984
4236
6590
5251
5133
6093
6727
5016
5139
767
5141
3623
2695
310
5145
7091
4263
6198
4383
5532
4116
5251
5251
7046
6103
320
5158
4800
4568
6266
5761
5243
1621
6032
1159
6139
4263
2761
5172
1327
422
1003
4819
5582
5251
5180
6787
2331
1824
5185
4801
342
5974
4946
4579
3832
1496
5370
6284
4172
2899
1112
1181
3023
5852
5305
5251
2467
6707
2248
5206
6700
4350
2335
5211
2245
5214
6923
1163
5217
6943
4834
4192
7003
3013
5224
1957
5226
5251
2611
6103
1117
5232
5070
362
4534
6742
6350
3970
3388
4366
6743
5243
3862
2761
2470
286
5694
6755
2484
5276
4986
5304
5254
4569
3785
984
1918
5881
2239
5161
1761
1102
5265
3812
6282
6494
6198
1718
5661
5516
5276
6266
7100
7119
7015
6951
4824
5281
5388
2127
5258
2289
5286
4831
1780
6604
6962
3167
6369
4039
5343
3222
1486
3554
6293
5188
1913
5302
2541
2467
5276
6896
5307
2043
1465
5310
5258
2952
2288
5419
2667
5317
6770
1675
1496
3594
354
5613
4865
2324
7202
5328
4919
4944
5332
6707
4916
5335
4359
5337
7154
4405
684
6348
2106
5914
4097
3602
6147
389
5349
4761
3022
2331
305
2364
7106
7106
<3765>find pair:(7106,7106)
6902
6184
6896
2840
5363
2363
5365
6003
4688
4972
3602
5371
21
5373
3711
1648
2626
1896
6627
1337
284
5381
1805
7197
3144
6586
266
6882
2368
2206
1919
5391
5093
5584
7100
4944
3556
2905
5139
4687
5260
6540
2776
4257
5407
2142
1560
5961
6491
346
5414
1324
4189
5417
746
2332
3129
5494
475
6438
5425
2368
5185
3337
2332
7160
5968
5433
7001
6322
5331
7247
6279
2483
2042
4663
6197
4049
681
5445
3933
5985
5979
3739
2558
1931
5864
6058
2622
5456
3452
437
5460
1882
5463
3946
262
5466
2042
5428
317
735
3384
2122
2525
5474
7248
2655
4848
4632
4746
5481
4584
5483
6383
6791
486
3712
791
4954
1384
4386
7008
286
1892
475
5536
1878
5607
476
1733
5541
2839
5504
674
5005
5546
5581
4657
2922
6621
2286
3424
5515
2083
6211
5519
4531
5679
4383
983
2182
4071
5526
4369
779
2607
4000
586
5297
475
5537
319
<4419>find pair:(5537,319)
5537
1641
2095
5541
2089
4632
6077
262
5546
3984
5548
6853
4935
5615
2208
7107
2285
5910
5403
6284
6723
5726
6116
6165
709
5971
6140
291
5604
881
3476
2062
5421
6665
1669
5574
5466
933
2043
6077
1532
6784
1420
5582
4918
5584
456
5631
650
1384
5590
2297
5592
6082
4118
1602
2759
1216
5027
5600
1396
5602
281
5604
4823
5496
1879
3479
5537
802
5612
2724
6404
1490
2582
6784
6033
412
2377
5622
2385
5626
3337
5627
3393
5629
2387
3337
5632
4829
4601
4800
5210
5638
2576
5640
5761
6070
4002
5849
1571
5646
605
5648
3350
326
5349
5653
1998
5248
2943
6867
5659
5660
4408
5624
777
5664
1004
6034
3323
3067
5966
5966
6404
4919
6729
4566
4969
5677
5305
6540
1420
<9304>find pair:(6540,1420)
5681
6452
1462
1659
1714
5687
1520
279
5731
5692
509
4212
1956
3276
5464
5698
5739
5701
3636
4298
3064
5706
4087
2714
6770
5739
2099
2376
5715
6184
5716
5161
5638
6298
4391
5751
1669
5217
5725
1690
1933
1530
1853
5731
3679
6794
6789
7054
2527
3759
974
5464
5712
6988
5831
6503
1754
6912
6132
4804
4748
5748
3220
538
750
5047
2419
5265
772
607
1494
5759
5731
413
5458
734
2052
6701
4268
1941
3659
6503
280
6636
5162
5773
1393
7146
743
1581
1426
1660
1496
6198
271
5783
900
5786
1004
5889
258
5790
2259
5792
3433
6904
1493
6959
5400
5800
4748
6487
5803
2739
3991
4250
487
5808
1034
5455
735
3605
7084
7070
3557
6118
6629
6596
6633
2178
5823
6322
5825
6379
6313
2056
3998
4412
6988
3110
430
5834
5464
3360
6822
4479
5869
2938
7177
7048
1639
6118
1882
5846
2966
5849
1500
7107
5551
2297
5748
454
3935
6163
5029
5860
5778
474
5863
4508
425
5817
7160
7120
6710
7198
7051
7070
2062
3006
5877
603
5879
7107
4568
4775
6460
6487
423
5886
4932
1902
5889
325
5892
3999
805
5895
2603
6092
5131
2184
5900
3586
6935
7222
3661
1671
6206
6105
2334
5214
6268
3322
3679
1132
4439
336
5917
4322
4098
504
3235
7237
487
5924
7141
5926
1262
5968
2608
3440
5929
3482
7124
7048
7048
5937
5900
<5345>find pair:(5937,5900)
5524
1584
5879
5943
6510
6269
4189
1623
5001
3283
6033
<170>find pair:(3283,6033)
5951
5491
371
5954
1733
5956
6015
2188
2896
3886
2550
4836
1733
1107
5966
5967
2378
5873
2168
5781
5973
2467
6186
1112
5412
4472
6013
2740
583
5145
<6841>find pair:(583,5145)
6301
5985
1221
4083
1532
3302
5991
4268
5993
1164
6109
4973
6283
2634
1449
6001
4846
2289
6005
6416
4862
6579
5949
6542
1987
6013
3380
6015
3419
6017
3377
3161
6020
684
6022
3289
6763
4848
5636
6005
6274
5742
6099
3632
6034
5491
5292
6037
5488
<7572>find pair:(6037,5488)
2454
6118
2413
5142
3743
6046
7193
3690
680
6050
4386
6163
1532
6024
2567
5800
6539
6082
6161
6443
6327
6464
6063
2604
6415
1259
6067
361
6069
4322
4180
891
2700
6074
7166
732
6077
859
6079
4918
6081
423
6138
4347
5835
5128
6059
3224
1747
1270
6092
2635
514
6095
3877
5243
1900
3791
3748
2067
6676
3730
4918
7082
1015
6109
1077
6111
2453
3739
3110
7183
4754
4033
6118
4330
5238
6191
1735
1715
4670
6558
6638
7194
6129
456
5745
2239
6027
5748
5522
6200
2453
3814
3819
4014
6099
2108
444
6144
2461
2127
3743
4312
7060
874
6126
6179
6753
1532
6155
7066
4971
4992
5214
6160
5196
6162
3618
4039
6385
2977
4504
1180
2655
7088
1183
6421
6847
3748
6177
6676
5258
317
5390
5478
6405
4750
6160
2744
5343
6116
7130
1686
5464
415
6194
599
4329
<5732>find pair:(599,4329)
6799
6386
3687
4580
3168
6766
4352
6205
6428
1824
2410
5260
4453
6183
3400
1742
6216
6136
2671
1732
5171
3844
1690
3416
2631
6333
4500
514
3676
5318
275
1784
2511
6926
2700
6343
6428
634
2486
5162
6241
2338
6487
5245
6502
1698
5409
6748
5684
1372
2490
6252
5477
2075
1855
4508
805
396
4099
6547
2217
6343
6428
259
6266
6003
6268
6368
6220
966
5165
5222
6422
6142
6221
6278
2315
6788
6604
4508
5370
4693
6301
3059
1141
6399
1302
6292
5110
2338
2338
2396
6924
2673
1403
923
5028
2812
6864
4578
1666
6226
4092
6309
1947
6311
1089
2965
6314
1800
6013
3730
7234
39
6320
2641
5909
2393
1015
6325
4436
4302
6513
4758
6527
279
6332
6002
3322
3515
486
7214
844
6339
6542
1841
6342
6151
6344
6374
2484
2299
6487
2810
4169
3643
1853
5241
6466
6571
4345
6445
6695
6359
4029
4441
4810
5128
4391
2106
3892
6597
7004
1904
6151
497
6373
259
6375
6321
2461
4404
6214
3739
5290
2826
6384
6162
1724
1052
5424
4419
6390
2867
6392
3861
6394
7060
1822
6397
282
6399
454
6402
5620
2387
5094
4773
6408
4283
5742
1036
6412
2980
5318
6415
1017
405
6418
2170
2282
6421
1310
6330
1413
7093
1425
6455
6428
626
6430
2793
6433
3400
6966
4196
6316
4576
1468
2055
6441
6453
3602
548
3903
6447
6452
3016
3931
4193
910
1374
6455
3576
6507
6458
474
6460
3247
6462
3170
4215
5220
4539
6366
6489
3977
2775
548
6472
2344
6474
7093
3621
3743
3908
6479
1465
6481
6507
6458
474
2919
1962
3400
3137
6468
6490
1733
3224
5125
6494
2417
337
6497
6106
514
5342
7131
7165
3433
6562
6506
6508
6459
2291
4482
6512
5222
5074
1755
5119
6273
6249
4318
581
6523
2338
2345
6526
4697
704
6529
6531
1608
4341
6784
39
6591
454
2272
6567
2252
4054
6542
3093
1124
3134
4884
6548
259
7025
2290
6552
5682
5218
558
1951
728
6559
4191
7232
6480
1330
6591
3639
2298
2586
6540
6819
4061
6232
4576
6573
2181
2002
2546
6578
5595
6966
608
6611
6101
1883
5702
2672
1575
3019
1920
361
6207
6565
4450
6594
4047
3265
1004
6599
494
6601
7168
1005
6604
5106
4489
6608
1814
6201
6611
783
6613
7214
6276
3093
3746
4617
6753
3561
5512
7139
3005
6624
5838
1836
6627
3508
6629
6626
2634
6632
6627
6634
6651
6105
512
6638
860
3892
6728
801
6644
6701
3914
6992
6649
2879
672
7015
7120
2946
7247
7124
6880
5869
6660
5483
3721
2049
6665
5879
2584
5093
6753
2577
6096
426
6822
559
6638
3058
6678
1824
6680
1832
6682
6833
7178
6976
4760
6867
7051
4257
1224
5406
6693
577
5786
6321
362
6698
4335
6700
2177
1681
3859
4728
984
6706
5086
7140
5869
5815
3556
2944
6715
399
6717
296
6719
4248
5735
4670
3430
433
2835
6503
581
6727
2255
1490
2403
5037
5303
7120
7140
3233
2422
6738
1873
6740
5249
5761
6191
1397
2720
6747
2419
874
6909
581
6619
6804
2504
7198
7140
3005
6760
287
6762
3850
3187
1910
6766
6639
6768
3023
6770
3659
6772
5973
1238
6775
2704
6806
5475
7140
3529
3505
2269
1001
6786
3240
3187
4732
7165
5000
4036
3528
6795
6701
6565
6597
603
6909
6802
5579
5514
5512
5252
6916
7157
6810
5938
2132
5698
5624
6816
475
6818
6869
3734
6821
6701
6615
6401
6801
1292
5469
3401
4795
7155
7102
7199
3145
7158
1056
5702
1294
2586
4890
5392
6927
1596
6845
3266
2177
5727
4017
1906
6893
6852
7029
7222
7178
3008
7177
7160
2216
420
1996
3073
6517
1213
877
854
6867
6904
4162
538
6151
6872
6850
2013
6875
5132
7245
7140
5869
7198
6540
7209
6860
5695
6904
6163
975
5928
4221
4506
4017
1710
6893
2299
6755
5511
7141
7140
5475
5791
1839
6959
6765
6569
3665
5933
6503
7238
4017
1710
7012
2360
6755
6708
4588
7140
4428
6918
2321
4329
6903
4334
6925
3931
914
3682
3993
6930
4702
5549
4763
7197
7140
5873
6998
6939
5252
6941
1309
6943
6503
4061
1708
6947
3363
6949
2190
7175
2609
7140
2938
6955
1954
6957
1999
6959
4590
4757
3230
6964
3906
4809
3931
459
7062
1964
7012
2413
510
7155
7197
6976
7159
5903
7158
3119
7001
2822
2742
5464
5106
1486
7023
5741
3018
3980
6556
1605
2125
6949
4537
6994
6974
7140
5935
7177
4709
7002
1795
6465
5447
6744
2826
4577
1389
7010
2152
7012
1961
7014
5278
7140
6654
7018
2482
7020
4191
2830
4263
2217
7010
7026
3608
7028
5132
7139
7031
7086
7034
7203
7036
6098
4580
2649
7183
4949
7238
7043
3097
2478
2504
6880
6857
7048
7160
7052
7035
2136
6967
7056
4999
7059
6967
3813
7062
1667
3582
456
4664
7067
6735
6684
5815
7160
7052
7019
4169
3892
3734
4863
6865
335
7095
2854
597
5162
2525
5876
6954
7140
2170
7088
2347
6944
5994
7092
2850
433
7095
7116
7097
6003
2545
4591
7085
6916
7177
5549
7107
5735
6962
6045
4443
7112
1080
7095
7116
1299
7118
7083
7084
7159
7179
6976
2215
7126
3035
5409
2628
7130
7055
6303
2067
7150
1056
1211
7137
5062
7030
7140
7222
2967
7073
6722
7145
1644
6175
4028
6727
5378
7152
1314
7154
7175
7156
6832
7246
6657
2966
7162
508
6259
3493
7075
6315
7168
1439
7170
5005
7172
5733
7174
4895
7176
7049
3068
7180
363
7182
3223
4809
4308
1839
7187
6047
874
7190
3064
5091
4327
7195
4591
6975
6809
3094
2969
7201
7018
2545
7204
1034
1855
6943
5238
7209
646
7211
985
7213
2804
7095
3208
7218
1839
7220
6960
7222
5457
3006
2608
7158
<3525>find pair:(2608,7158)
2215
7251
2503
1384
7193
3877
6297
371
7233
6458
586
7236
6369
3289
7239
6827
7241
2431
2269
4768
7222
6976
7160
5873
7249
2966
7251
2503
