1416
4930
6534
2351
4716
1447
3252
3500
4111
5666
3255
583
280
629
5101
4951
3255
629
3282
3282
3255
6033
310
1188
6601
6033
3226
6034
3282
1820
6601
656
5986
1188
3255
3282
3255
6034
6033
2634
2084
24
1892
2946
3068
3295
6781
5174
4409
5102
509
20
24
4059
270
296
2208
1968
701
1790
1453
5101
665
285
628
5950
264
628
3255
1188
3226
3255
6033
701
6601
6601
4951
282
629
6601
6033
6601
6034
2740
267
628
656
3283
4951
3255
6598
5651
1056
1927
652
2608
1589
5514
3272
4488
3262
7051
7123
3638
346
38
4745
1087
6695
2208
1968
270
1453
3282
441
1187
3255
1790
7058
6601
583
5986
6034
280
629
5666
666
5500
6601
603
3255
3255
1093
4951
629
3255
5982
4951
264
5982
701
3282
1790
1092
23
3452
2043
20
5463
2422
1993
2588
3073
3269
4760
2212
1288
7222
5818
2970
428
42
2044
454
1490
1824
20
1447
628
656
665
664
6601
656
22
3255
283
3283
6033
<4622>find pair:(3283,6033)
6034
268
1453
3282
656
628
3255
3282
1092
3251
268
628
353
3255
628
263
5982
2740
677
3282
1453
628
6033
262
584
383
1446
24
3536
5703
3440
6729
2479
7248
3530
712
6776
6781
959
5445
6641
906
36
20
4342
1188
628
441
6034
5501
4233
1880
282
3283
260
5982
3251
264
628
6601
665
656
3283
6033
<4622>find pair:(3283,6033)
6033
3255
629
1188
3282
3404
3282
5950
3283
665
4951
3657
42
1416
1353
2021
2250
4415
6093
2971
286
6816
4798
2400
5873
5785
2585
1565
1859
4800
1885
26
1187
3255
6033
4951
4951
285
3255
1188
293
5426
21
22
3255
5986
628
5986
3255
3255
3255
3255
281
6034
6034
629
629
6034
5950
1188
6034
6033
3255
1790
5666
3255
5986
3255
1790
1033
2043
3536
350
1589
873
5420
5481
1001
6132
3025
5131
6047
3352
5790
2538
6026
4600
21
22
3255
3255
629
3255
3255
1064
628
3255
3255
3255
4952
2170
673
1886
3282
3255
3282
3255
3255
1064
628
4951
3255
3255
3255
1064
628
1187
3255
3255
3255
3255
628
5982
3255
3282
5982
628
1187
3255
3255
3255
3282
1187
3255
3255
4951
628
3255
3255
5619
396
2043
5471
6934
2213
1110
4866
3335
6841
2254
3909
3384
4804
5159
7106
6661
399
1323
741
1323
1323
1323
1323
1323
1323
1323
1930
3211
5286
2049
1323
1323
1323
1323
1323
1323
1323
1323
1323
1323
1323
1323
1323
1323
1323
1323
1323
1323
1323
1323
1323
2165
1323
1323
1323
1323
1323
5889
1323
1323
1323
1323
5889
1323
1323
2724
1323
1323
1323
1323
1323
1323
1351
1323
1323
1890
5077
4102
2741
379
2043
5838
5176
2322
4484
3246
5931
1564
2611
6934
3266
979
2498
4803
362
6644
742
6430
1181
400
5328
1384
5635
5590
1086
2378
5703
256
1323
2375
3320
5703
1323
7118
2588
2724
6814
5698
5714
5713
746
301
1323
2943
1154
2322
3549
5889
5373
352
42
2043
21
6994
4601
20
20
6960
5252
2946
4760
1489
2478
7222
1393
434
1997
4605
5159
5286
2132
3742
481
3398
713
5286
4803
4537
5712
5318
5028
508
2302
3368
1034
6838
1259
2870
5863
1956
2309
4301
1193
339
24
7045
363
4599
24
20
4605
1069
5634
6877
5933
3614
4936
3480
3499
5988
1908
36
20
4803
5635
5634
4409
1765
454
4991
4634
4804
4602
5286
3562
5464
3249
1315
3398
2296
6108
4576
5488
2714
5667
1563
577
4445
1393
1202
339
24
7045
2248
5159
363
5634
7245
962
6707
4485
907
3646
2834
5213
20
5159
5367
5211
3549
935
554
4920
1779
4600
5159
5635
6742
2023
5712
3978
2255
2913
687
2806
3798
6222
271
1546
1329
2944
3947
42
1416
1935
4718
4602
5634
7175
1210
1958
5161
2504
3266
1193
1842
4993
5159
4717
1030
5295
4217
6761
5589
4605
5159
5635
6742
6410
5739
1544
5432
5364
2455
1473
464
6038
3946
5620
2302
5932
5741
3234
4955
5304
5634
4895
2403
4632
20
5590
4685
3266
311
6630
1921
5159
4775
4857
4263
3113
6761
6158
4993
5159
616
5739
5740
5740
5713
5252
1669
5739
5739
1294
2255
3638
5702
5711
287
3962
2821
5634
5512
1329
5577
2043
5511
4895
2069
308
3549
3153
4993
6027
4032
1610
5713
5746
4605
4803
6923
6136
2925
5684
351
438
4537
1677
4812
6086
3382
2140
2108
1598
2302
4718
5590
4591
1639
5213
5286
4805
4631
2541
6742
6506
2497
2705
4409
4951
3255
4255
301
362
6056
5800
4857
346
629
6601
621
656
3283
588
2302
1238
6034
1379
3779
3226
3255
656
2581
1453
1790
5500
5619
5855
4804
5590
6653
1842
5017
362
5286
2036
4717
6895
4158
36
24
5890
7071
2031
1379
6601
4951
5986
775
2168
543
6815
280
629
3255
4951
656
1452
1187
628
260
1323
628
6034
1651
1064
7058
3226
3255
628
3779
1187
5666
3282
284
6034
4951
6034
1064
628
260
1790
595
41
20
4803
4768
3242
363
20
20
24
20
4591
2036
5286
2316
467
20
4017
750
2208
1431
665
4975
268
1452
6601
1006
6200
264
5101
6601
1093
628
1064
2741
1452
1064
5982
4951
3282
445
628
264
628
4442
1064
1820
2737
628
6033
5981
1452
6034
4951
6034
5500
1064
628
1187
583
6033
1187
1064
277
1967
4803
5944
4850
2307
36
20
20
24
20
2541
4895
1990
278
2163
1839
673
746
1093
5950
269
6601
1745
1093
314
1187
1757
2737
656
747
628
280
3255
4442
6086
6033
583
1687
629
1727
477
1064
590
1188
1064
667
367
1064
595
7059
262
1727
5500
311
5987
1391
4566
2289
6981
1842
20
20
36
24
5634
4552
6853
2263
767
278
2163
1436
37
20
6801
6033
656
6033
5950
6598
5666
262
3226
1187
5986
6033
1790
5500
389
5666
1187
2764
3226
3226
1064
5500
1064
1756
2765
3255
4951
1187
3255
1187
1187
3255
3255
1187
263
3255
3255
1093
629
3255
3255
6033
4951
3779
3255
6033
3226
1187
263
287
4829
4684
3242
1842
4599
20
20
20
20
20
4717
3098
5361
2221
6790
39
2163
4967
20
20
20
6801
583
2737
5659
5612
628
4951
1452
591
1452
1188
3282
1451
1453
1092
6033
3282
5101
2741
628
5950
3282
1790
3255
3282
628
3282
3283
4951
265
629
5982
5982
1064
3283
4951
3283
656
5612
628
1064
620
3282
628
628
5982
264
1452
1187
628
665
4110
701
3282
620
3282
5982
3255
681
4993
5549
4680
320
4599
24
20
1927
5634
3212
3270
6595
912
1416
5890
39
6507
4495
1385
5982
940
584
3283
3251
583
4998
669
628
1727
300
1891
1727
785
5983
4133
308
657
5982
583
5612
5612
5982
5145
1451
5982
1756
5983
3283
583
4110
1452
1064
1451
5889
5892
3283
311
584
5612
3283
3282
583
5982
5982
1852
5323
3705
42
24
20
5286
2796
4686
2135
36
1416
20
1927
5634
4762
5654
2355
1441
43
2163
278
37
20
24
20
20
1465
5558
3653
841
3601
1411
5078
5598
270
4998
267
6010
6393
265
5078
5892
761
5659
2578
3283
5985
501
5659
4998
1097
3969
1416
5161
7175
2501
40
20
20
20
1927
20
4805
2586
4548
2309
279
1384
1591
379
36
20
20
20
4017
3139
1461
3283
792
1093
3170
5915
275
4975
4219
900
701
1820
4975
1387
3705
287
4634
4762
4763
2036
4829
20
24
20
5159
4701
5654
6932
326
1384
3205
37
20
20
20
24
5077
389
6601
4223
5710
3282
747
1790
3955
275
1064
1453
6423
778
5983
665
3861
620
6601
6048
<168>find pair:(6601,6048)
1454
3326
6091
26
629
4632
3448
4712
2542
4599
20
4599
20
20
20
20
5590
2565
2324
6108
264
2163
307
320
4800
24
4343
5692
6010
353
3283
621
6491
266
4975
516
4975
262
1093
4439
395
5707
3575
5145
6545
1398
4355
5409
5703
1109
1786
666
4568
20
2008
4703
4763
5569
4804
4531
20
20
20
36
20
5590
2040
1995
4605
572
275
36
4017
271
650
4599
24
4343
2182
700
264
4111
595
5659
1792
4354
5659
280
5659
4149
5078
2869
835
4755
2695
5270
356
3252
553
1352
6319
4748
6093
650
4717
6755
5635
4533
20
1416
4602
5634
4711
1842
4605
572
356
2043
3205
37
20
20
20
4017
3700
357
4975
5906
1479
1240
5144
268
3283
4207
5598
7003
6275
4002
326
3283
264
4111
1142
26
591
2332
2034
2117
4993
2082
4922
5017
36
1416
20
20
20
5590
3272
513
4602
6108
266
4568
1410
6306
20
20
20
4017
1026
3864
6423
2780
738
3283
6033
<4622>find pair:(3283,6033)
698
5982
260
3283
336
2782
1018
628
376
4975
621
957
1147
1786
1093
2880
1589
4935
5944
3614
4664
2248
4532
40
20
1416
4803
4485
511
4777
5593
595
287
1885
4466
4496
7193
2783
465
3282
332
3283
583
700
5612
629
666
607
5659
2737
627
5057
3283
5600
6147
582
1453
1302
1323
666
5933
4513
7196
4415
5510
4804
20
4534
4533
4599
20
4717
5213
5674
4746
1572
6344
1863
4496
20
20
20
1502
6282
6277
3779
3283
4951
6743
4951
998
628
5102
365
6038
1107
5707
2782
5804
3568
1151
3252
262
2788
5077
3327
2946
2092
7028
5433
4804
4534
4604
4532
2336
5520
543
7193
320
4800
20
36
20
36
20
5445
353
6601
5891
390
5659
2780
5375
1270
2782
275
3282
628
5981
5831
666
4167
467
1453
3487
6048
6163
3255
5986
5603
3969
2944
6853
4421
2239
7107
5367
20
4532
4662
4532
5117
2043
4881
1386
320
20
4800
20
1416
20
5445
833
591
5078
695
1064
5706
270
5659
4250
737
3255
3256
4263
1651
4975
2017
2598
1158
4133
6601
689
5692
3554
2208
4591
2155
6024
2003
20
5185
4568
4688
5214
5214
2032
4661
20
4881
5092
20
20
4599
20
20
4599
1502
3500
6601
739
5659
667
5831
3283
346
3803
282
5619
924
4975
276
5892
665
5078
311
5892
4223
3251
2421
6216
300
1353
3580
2990
2248
4329
2501
5436
4824
20
1416
4604
4750
5592
1069
4715
6868
634
5159
20
4800
20
20
7234
264
4975
2579
5566
378
1093
656
1491
6033
384
2476
4752
709
5659
2782
3282
5707
345
3282
4083
6311
365
1400
260
584
2019
2540
5305
2909
5162
2248
4498
4533
4534
2131
4663
2042
4715
6047
509
4800
20
5159
1968
7231
1372
2626
280
3282
608
5659
7058
5767
4642
6380
3085
6380
2737
3384
4642
551
1786
1093
620
6811
4491
2345
5388
4991
2588
5275
40
20
5185
4532
4532
4532
5441
2043
1780
257
1147
38
4688
5159
36
20
5445
6033
5619
389
1453
3542
2741
1259
4111
7058
5500
384
5982
3282
628
629
4111
2138
2780
2741
4133
6121
6033
303
420
1323
667
1449
5889
4998
1589
2347
4329
2031
6105
2641
2042
4532
4532
4532
5214
5314
5808
393
38
20
4605
5159
20
1502
1196
3994
4974
3891
303
4249
266
5982
<784>find pair:(266,5982)
280
3803
<2687>find pair:(280,3803)
6642
1742
2096
5765
1451
1698
3944
666
6123
613
26
1093
1386
3183
4635
2307
3215
5582
5582
3393
5201
6212
3499
945
320
20
20
4804
20
20
20
2163
2446
2626
265
1188
6822
268
3283
276
1093
583
6301
2601
4111
275
4975
1021
5707
4041
4930
5753
1463
26
1093
2677
2888
6606
7203
5110
2287
1477
1399
1824
20
20
4602
4599
20
24
20
2163
281
1064
2488
5218
627
3457
4331
6361
276
5659
5078
450
283
3282
3719
5243
1663
4041
4038
5983
743
1786
5983
2904
6912
767
2360
2092
4659
6548
417
37
20
20
20
4800
20
4495
7193
5982
5559
6466
6598
6162
2896
595
620
1790
4975
4071
4440
1587
4133
474
256
4059
627
276
4975
315
5077
390
2204
2889
6196
457
6761
2546
7067
5761
3289
4716
20
20
20
20
20
24
20
20
2044
7145
1648
6045
2851
988
6495
4132
3935
280
4111
4033
7191
276
3282
703
1323
5983
2261
4514
2414
6184
5510
5305
362
<3273>find pair:(5305,362)
6636
982
4111
906
36
20
20
1416
20
20
20
36
20
24
4059
3282
6966
3822
6311
6791
2775
5998
1463
4318
2899
6202
3729
1450
3283
6064
1754
5889
2781
6681
2909
2394
2498
4664
5305
7099
6708
687
615
20
20
20
24
5159
20
2163
1163
6369
703
3283
665
2449
3460
1400
5040
3539
3462
3283
3342
5849
1163
1442
628
1663
1323
4111
1832
4765
4765
2484
4803
4895
5558
1859
20
20
36
20
5159
20
2163
6006
5144
3221
628
6013
5986
7209
3536
1677
5611
6138
276
3283
3847
4642
656
375
1323
5124
750
7203
4765
2482
20
4599
20
20
5066
1122
320
20
20
5159
36
24
20
20
6751
4054
6349
627
276
1784
2716
305
256
5787
3820
6261
366
2737
5321
1371
3283
335
1323
5983
2538
6653
650
6105
5436
4994
40
20
20
20
20
2888
703
320
20
24
20
5159
4599
20
4017
7109
4975
4783
446
3283
621
6169
682
347
1790
1092
3776
700
4111
990
4975
966
3282
376
1323
5124
5797
36
20
24
20
36
20
20
20
4495
20
20
24
2051
1154
4177
6294
2344
36
20
20
20
4717
4592
951
320
36
24
20
5159
36
20
2163
2700
5500
1188
2737
583
4308
5485
6136
613
713
1840
272
5659
1736
4835
1240
5491
5891
998
3283
284
4975
471
5077
430
2084
20
20
24
20
20
20
24
20
20
24
20
20
20
20
4777
5305
2435
6054
4601
1416
20
4805
2709
1004
6026
4602
5159
20
1384
1394
1379
764
3779
6601
694
6362
6360
277
256
1885
2740
3933
384
6601
4288
1216
5171
283
628
628
378
1323
6814
2084
1416
20
20
20
20
20
20
5159
4599
24
20
6960
4892
6241
4776
20
1416
5590
2348
3289
4661
36
20
6026
4800
1384
1394
6598
310
6601
666
2694
3283
1243
1790
6985
473
628
1820
2782
357
4975
1496
3430
4184
4267
270
4975
279
1356
3360
40
20
20
20
24
20
20
20
24
20
20
20
20
20
20
20
1927
3242
7099
2289
4599
20
24
5634
4555
2154
280
6026
20
20
5159
20
1384
6642
7056
628
2780
1853
628
268
2741
5191
6349
2740
275
1452
4442
3252
312
2737
280
5707
347
628
6380
623
6601
6033
1380
5077
1727
300
2043
24
20
24
20
20
20
20
20
20
4495
20
1927
4762
2503
4599
20
5634
4484
3660
1859
5159
4599
20
4364
2924
545
5892
6988
4367
1093
395
3283
6766
1468
290
5892
4273
4000
3798
6531
260
2782
3536
3360
4632
24
20
20
20
20
24
20
36
20
1416
20
1416
20
4717
6707
6763
323
2861
6026
5590
4586
951
650
36
20
20
20
4599
20
1416
5650
1240
1219
3953
262
3283
5125
747
6010
3252
2788
1400
3256
1619
280
4111
3267
1215
1453
1784
6965
1379
6601
7058
1189
4920
4662
4829
4529
24
36
5633
6432
2347
6171
2125
4955
320
5590
2570
3438
650
4602
5159
20
2163
3743
4861
281
6362
3874
629
3283
5413
507
3858
5692
1139
4348
4000
3323
1034
2716
5165
5500
2871
4111
269
5982
534
2204
2333
4684
362
5357
4718
24
2008
4716
4732
2570
5748
2117
4602
5159
20
1384
6701
619
628
2579
3706
3282
6091
734
2949
1379
2741
938
3283
5219
6013
4223
4223
2760
42
5145
454
5435
2360
5132
4804
20
4552
4712
4515
5751
2117
5159
36
20
4342
6671
2780
350
5612
5951
432
2741
2740
268
5983
4727
1283
3892
265
2741
6478
667
5192
6149
392
5145
1288
4841
6025
3050
4329
7099
2891
24
20
320
21
20
5277
5679
360
1842
5159
36
6608
870
7056
3487
747
4998
621
665
689
3294
6527
2016
388
5983
268
4975
3570
4111
740
5078
1315
3928
5305
3366
2443
2408
4529
20
24
20
20
20
4523
1656
2117
4599
20
4599
20
1384
1511
1786
5692
783
5951
6354
5891
3224
6465
5413
423
2898
2741
3623
6439
1107
5982
264
5707
1304
555
6038
1754
5889
4998
4350
2922
4563
2588
4901
5503
24
20
1416
20
4873
1008
1834
5235
24
20
20
20
2163
1708
1055
985
1352
2776
2931
5264
496
6082
7146
371
1453
1240
6519
834
4134
3457
2108
6579
1451
6814
7045
2483
2482
6959
363
4529
20
1416
20
20
4624
575
1834
6026
4829
20
1927
1813
4409
428
645
5890
6044
1644
721
668
4422
1394
3803
268
5892
4267
1781
299
4975
4610
260
6601
280
1452
1727
2422
2538
2483
2290
5798
2052
6939
2887
36
20
24
20
5309
5569
6742
1008
1834
6026
4800
20
20
2163
828
3858
1353
6166
1704
4250
6866
4283
282
628
264
5078
283
5889
5659
3062
3674
4975
4002
5982
4979
3234
2031
6663
323
6105
4846
5182
362
6939
20
1416
4899
1589
5286
1840
286
2117
5159
24
20
20
4017
6633
6271
263
3858
1353
2493
3864
4814
1615
1036
2737
3699
1683
3965
6349
2776
6044
2776
5145
43
1055
1482
7088
6025
3211
2641
5273
6323
6419
20
20
2861
1770
2043
4805
4721
360
1842
5159
36
20
1384
2768
4382
4408
5051
6503
6785
5723
1101
666
5781
1300
6010
429
6348
6349
923
260
584
1452
2724
4140
2798
2615
3477
6105
5305
4828
6419
24
20
2008
3176
4568
1910
4033
6931
4716
20
4800
1384
1208
1055
7193
4267
3403
628
4975
7128
5284
7113
4332
6099
5374
286
3265
5723
990
7059
2803
5145
4966
2092
6896
5299
6358
2248
36
20
4824
20
2008
6506
511
5286
984
396
6208
321
20
5159
20
1384
822
1683
4809
3343
374
5500
1536
477
1778
1669
2780
1674
3791
6301
1288
3384
5913
264
1784
6412
43
5077
1093
745
286
2498
5331
5299
600
7107
2043
2588
24
4320
5572
5880
4717
1761
2879
1864
21
36
24
36
20
20
2163
6819
2959
536
6034
268
3283
7149
868
4975
837
5143
537
27
2516
293
1874
968
5892
812
260
5892
6630
6293
7243
2545
4943
2294
2043
5503
6577
6663
4880
5634
4178
454
4716
322
20
20
4495
7193
1372
4148
2059
5706
345
3779
4041
3540
5820
7056
3647
1118
287
3317
1477
270
3283
3819
504
856
1874
6994
2615
5331
2799
6212
2031
6939
1154
4829
767
3524
4661
20
5159
24
20
2163
6603
347
4975
2956
6330
286
713
4905
6063
1115
2983
1286
2149
5821
7037
583
311
591
2364
3334
20
20
20
24
4716
20
4767
7099
2663
2440
36
20
6742
1008
1954
36
20
20
4800
20
20
2163
5684
1368
5983
5321
6139
583
1820
287
1874
1484
955
1352
5055
1115
4038
2261
5954
6698
5723
903
1784
667
581
2364
4601
24
20
4534
2043
1416
2914
5019
5110
6106
6132
36
1416
6742
308
2208
4824
20
36
20
24
20
4529
5452
3812
5007
6518
1203
5983
354
6047
2017
4641
266
645
5484
5247
5077
5523
4386
501
2737
2016
263
2737
353
628
4140
2413
320
20
1416
5182
2708
4459
5305
2125
7088
6210
2387
2387
4663
3402
3639
5635
36
20
20
4775
6701
2780
5892
5781
2600
2740
267
5145
7058
6518
583
431
3283
5103
6760
610
22
5951
5729
1735
3251
2741
1092
267
5145
5983
6037
620
856
2299
37
20
24
3051
4450
6225
5510
5305
2368
5504
2131
4750
4919
4920
2031
1547
2033
5159
20
24
4775
3751
1309
280
4111
3739
277
6362
268
4975
621
667
3591
2508
2515
5951
4975
3663
974
5222
326
5892
260
628
6728
3938
4716
24
3051
4482
422
5305
362
<3273>find pair:(5305,362)
6652
1416
5214
2387
1431
3390
4691
5692
4430
650
4800
20
36
24
20
20
6557
1240
4308
4262
1619
1073
1820
4975
5293
1576
4301
2719
1592
3252
3791
3711
1092
1093
5614
5211
24
20
2411
4460
4661
1963
7106
2442
36
4825
2387
5091
2104
4666
601
305
4761
4529
1927
20
20
20
6796
1453
3223
5531
303
3282
690
3226
4345
5708
2620
776
5754
447
5659
6139
3691
1902
1451
5613
5432
6507
4745
1884
5851
5339
2368
7088
6003
4804
5504
933
5214
3337
4391
2331
272
27
7034
5017
24
20
20
20
20
6796
5267
5221
4642
3282
6009
1784
3282
266
6362
6038
665
260
1852
5892
1596
3539
269
4975
4184
730
1093
2780
4269
268
628
5713
1455
342
6786
6358
5478
650
2048
7107
363
4535
2131
5214
3337
430
1551
5769
487
2361
5017
36
24
36
6608
5244
290
4111
268
2737
2740
5660
621
447
1188
5145
1453
627
311
1453
4998
3224
1165
4975
4951
5244
5891
276
4998
3518
1093
4111
1733
5659
5892
2382
5207
5305
2885
7107
4937
4535
2131
4750
3337
2328
1394
6872
3601
320
4599
24
20
4800
24
20
1384
5864
1611
1790
628
268
2782
6464
1379
264
5707
2741
3281
667
517
5659
266
5707
5659
2783
4348
260
5982
5983
2996
5981
4111
6311
1071
628
4408
5114
4846
6510
1863
5746
2952
5637
2387
2385
6888
6565
685
4716
1927
20
20
20
20
36
7182
1686
345
6601
6350
353
4975
3460
3283
3729
480
4111
2741
4133
2741
701
3282
1105
3976
429
5659
7130
626
628
613
3453
2638
7107
2566
1926
5260
3074
3440
2945
3638
6543
510
5676
5017
1416
1873
6784
6541
4693
5001
275
2741
3356
4951
27
473
3282
1453
262
6601
570
2737
667
5030
5982
5238
1940
2578
1453
1240
1240
260
628
1359
1153
2922
2092
2288
5434
2728
2585
780
4111
5350
6026
20
4599
24
20
4320
264
4975
346
2782
4999
5408
1544
6010
2421
7058
262
3282
257
628
5102
260
5659
1792
627
269
4975
265
2737
3001
4975
899
1093
413
5323
258
5982
613
3358
6912
2290
646
6669
2344
20
5309
3363
5674
2413
956
627
6866
3183
5114
36
20
20
20
4599
20
20
6796
784
2450
5145
6314
2741
4695
5500
5318
3864
267
2781
2716
3955
2897
701
6038
912
628
5168
5982
1380
1055
2740
311
2149
6949
2344
3044
4846
2567
36
4498
1780
2337
2246
5954
3262
1056
984
38
20
24
20
20
36
20
1416
5206
4143
3714
4134
6031
4905
2419
3090
1451
6038
443
2737
260
1727
356
2737
3770
4998
4167
4097
1018
1380
5659
785
666
2515
5059
4991
2290
3044
2290
7107
2043
1416
4602
4920
5517
1506
1571
2305
2879
20
20
20
4599
4495
3550
4345
3059
5659
2741
352
5707
2777
336
5145
6112
265
628
1129
1453
3887
6114
3734
265
628
2558
5329
4798
2394
1873
2842
5590
2043
24
20
4602
3614
2394
3265
3556
2516
37
20
20
4800
1416
20
1932
6601
6819
1379
2740
1188
4111
4951
6601
6033
4356
3779
6601
6598
663
23
2916
422
2347
4457
2286
6939
2664
4745
20
4567
1964
4605
3577
5475
509
21
20
20
20
20
36
20
20
20
24
1874
1351
2165
6918
6919
6919
1878
5537
4909
6665
1064
3479
1351
1064
22
628
5537
6919
6918
6918
6918
6918
6918
1886
704
6918
1880
1878
1878
6919
6918
6919
6918
5536
1887
3923
1880
6918
1880
1880
6918
6918
1352
38
1064
6665
2821
5880
7107
6212
2248
2588
5017
4831
5252
7048
3881
1824
1927
20
20
20
24
20
20
1928
5328
5328
5328
1884
1884
5328
5328
5328
5328
1925
6667
5328
1925
1884
5328
5328
5328
1925
1884
5328
5328
5328
2007
5328
5328
610
24
2231
24
1884
4497
1968
4497
4497
<3313>find pair:(4497,4497)
1968
610
1447
4497
4496
5328
1925
293
3559
1887
562
6196
2484
6652
2242
5590
5676
2443
2588
2360
439
5281
4969
4531
4497
5255
40
4494
4495
5406
6762
5328
5328
5328
5328
1925
1928
6786
5328
5328
1925
1928
1925
4497
4497
<3313>find pair:(4497,4497)
4497
<3313>find pair:(4497,4497)
4497
<3313>find pair:(4497,4497)
4497
<3313>find pair:(4497,4497)
4497
<3313>find pair:(4497,4497)
4497
<3313>find pair:(4497,4497)
4497
<3313>find pair:(4497,4497)
4497
<3313>find pair:(4497,4497)
4497
<3313>find pair:(4497,4497)
4497
<3313>find pair:(4497,4497)
4497
<3313>find pair:(4497,4497)
4497
<3313>find pair:(4497,4497)
4497
<3313>find pair:(4497,4497)
1968
5328
2839
1884
5542
6105
7066
5518
4460
2545
4855
4459
2290
7107
2115
6763
1392
2333
4557
2385
7137
5930
438
2376
5786
5966
5432
5353
6184
5551
3364
5390
3364
6358
2131
796
5786
3364
3393
2239
40
1779
5214
600
1447
4568
1384
6026
4716
296
24
4824
5161
2843
3722
6105
5582
7106
6105
362
6105
4628
6732
6294
6812
7222
6736
5751
597
1874
416
1410
6899
2837
5361
6294
2443
5019
6003
5510
2545
2338
2292
7088
2344
4404
2298
7107
6212
6294
5162
5366
7140
5884
1361
608
1015
5870
7158
4712
2593
5389
2642
342
7088
5852
6212
2616
2239
6860
5929
5869
3094
5656
7151
3973
4298
2608
7158
<5811>find pair:(2608,7158)
7018
2220
3130
4767
4870
600
6663
2483
2482
5282
4901
7203
2442
21
20
4459
2345
4901
2248
5388
1923
7177
6855
7102
3398
5456
5889
6811
5876
7198
7026
4524
2640
5188
2347
5880
4901
2484
3211
2052
7107
2347
5554
5800
36
2050
2615
2546
2248
562
2360
6735
7177
4479
7120
2969
543
2364
2568
6024
2286
6105
2860
6003
4446
3049
2282
6959
2335
2283
6024
6322
7139
7140
6780
4658
5549
2663
5274
7107
7107
7099
7203
5510
7053
2890
1779
3049
1154
5851
7107
5478
6895
6895
5903
5461
6624
2310
5249
2687
713
7107
362
6171
5162
2485
7107
6003
7106
7099
7106
2443
5390
2287
4404
4895
3304
2729
4480
5654
1830
5538
7178
5656
4733
3269
2524
2052
7107
3211
2913
5388
4468
323
2410
5037
4457
5356
5357
7107
2289
7107
2467
6358
2318
6054
6024
7028
3185
4794
2478
<3395>find pair:(4794,2478)
3129
3027
2302
5790
1210
6118
2949
7029
5110
5305
2011
2482
6959
2483
5273
6959
6105
2290
4457
6105
2865
21
4691
1926
5162
5115
5880
6358
363
6024
5774
6912
4765
4743
2517
7222
6657
2940
1589
6741
2866
2952
6106
5305
323
6663
4460
2368
6105
6105
6577
5110
2467
6105
362
6636
600
1501
1873
6158
4605
4602
2050
6663
2411
2248
2486
2683
4617
7046
2311
4515
4679
7141
7120
3121
4553
3049
6663
2545
5387
5582
2482
5282
1154
4457
7106
6663
7106
6636
6577
362
20
5161
7106
7106
<4077>find pair:(7106,7106)
5554
36
2370
6577
6196
323
1926
2241
5468
296
1873
4803
4804
<3399>find pair:(4803,4804)
20
20
20
6209
4420
2089
5634
2409
1920
6853
2400
3480
1751
1589
2030
6781
6867
7105
2368
6939
2394
5477
2588
5974
5089
2839
6959
321
20
24
4457
20
5554
21
20
4605
2370
2368
20
40
1873
20
4803
6507
1416
5798
1501
6105
2344
20
3049
322
20
5677
5634
4605
5771
421
4602
7107
1863
6694
4652
7028
4684
2362
4866
6936
6635
2122
6266
4846
7106
7107
2290
6939
362
7107
362
36
24
322
20
4824
20
4605
5634
21
4602
2010
36
20
20
20
1416
4536
610
1416
20
4805
1501
2089
6358
5162
2344
4993
5159
5590
6378
6669
5358
363
2861
6931
4794
2525
4512
5847
3025
4762
2842
5851
2294
7107
6267
6939
2248
6959
6133
6158
1416
20
5635
5235
5159
5159
1416
20
5503
20
24
20
20
3211
6105
7100
2238
4803
4800
24
4459
2413
4404
2409
6024
1917
6575
2752
4592
5199
1868
6431
1997
6105
5582
5110
2238
6105
5110
362
40
6939
5235
4605
36
3049
2010
4599
1927
6026
20
600
4529
1416
20
20
4535
5367
24
20
4602
20
36
4495
7106
5367
4749
5260
4718
4605
4599
1465
5301
20
4468
7154
4848
2370
3419
2204
2545
2503
6145
3240
3129
7124
4733
1964
5477
2842
2711
1864
6105
4459
2661
6024
4529
24
5159
36
1416
4529
20
20
24
5159
20
6026
36
20
24
20
4530
24
4605
5159
4605
4599
2004
6718
6026
5387
323
5214
5356
5286
4599
3722
20
5636
2246
2089
2912
2248
5358
7071
4895
4842
2517
4092
4552
2080
7247
4617
1863
4739
6707
6375
2290
6105
2442
5477
6663
24
36
20
20
5159
20
36
20
24
20
5159
5159
36
20
24
20
4803
6026
4803
4460
599
4803
321
20
2243
3049
6003
1806
5590
2346
5212
5305
2467
1589
5176
2609
7125
6898
6485
512
6054
362
7107
5510
6322
2287
6939
4459
4716
40
20
4716
2043
4800
21
20
5017
5159
5159
20
4800
2010
20
20
5017
6577
1416
2614
7100
362
6636
2409
2839
5433
4591
5382
7140
7070
6659
5199
3129
6841
2291
1154
6105
2443
2336
2588
1154
6939
4446
21
4533
4599
5633
5159
4600
4600
4599
20
5358
4716
321
20
20
24
4817
2290
2486
2031
6105
2287
6939
2408
3211
5303
5382
7140
6976
6811
2791
3498
6322
2545
4846
6322
2664
3211
4800
24
20
4800
20
5159
4599
20
4800
6105
36
20
2588
5117
6105
2465
7088
2465
5477
6959
2484
7201
6807
3145
2881
2305
7158
5420
2729
7107
6106
5064
5162
6227
4459
6026
4800
20
4572
1927
4602
5402
363
4827
7082
2661
5974
4447
2239
6939
363
6105
6293
2585
7140
7178
4760
6957
5514
2564
6649
4675
2546
4844
6593
4525
3364
3474
4459
2435
2246
2043
6939
5093
2242
5388
7066
5204
2407
6227
5387
2241
5477
7107
2289
6959
7222
2937
2400
7048
5656
2946
1393
3323
2378
2424
5774
5774
7098
2318
7066
4468
6841
796
1919
7088
5359
5019
2337
2333
6375
3474
2395
2913
5070
3393
5201
6294
846
6195
4937
796
2239
24
5851
6732
6708
2991
562
2328
4959
7071
4372
5931
3178
5656
6641
1181
2305
7158
5199
6184
5930
5969
1517
5671
5933
2375
5657
5353
1224
3482
5627
766
4020
1563
3549
3627
4920
3549
3614
3393
5627
5359
2387
2387
2340
7066
6184
1285
7222
3414
5184
1932
300
2207
2881
1360
401
5809
5317
3920
3262
7199
5933
2305
2255
7158
2970
2255
2327
6657
7070
3426
2327
3556
5933
3426
2943
5937
5670
3393
2337
4248
1953
2881
6597
1476
716
472
2198
271
4382
3088
3384
7000
3385
1693
1293
3453
3143
4261
4611
3289
3262
782
1639
3325
5694
2966
4217
1270
258
3453
438
4958
2189
2946
5656
3384
5930
7097
5722
4281
3530
1770
6362
3554
260
3283
6033
<4622>find pair:(3283,6033)
262
27
2769
3153
6002
6487
978
5457
7071
3582
6601
6516
6628
2256
4642
7247
7069
2718
2746
2310
359
5998
3097
1265
4546
3607
1891
3536
4426
2165
1890
2165
1116
1209
1352
1015
27
2323
3425
5188
362
4320
314
6601
3583
2790
257
22
6601
271
1564
2990
3358
1014
3039
5668
5457
2946
6005
4973
728
3414
3239
1993
5091
566
1323
257
5607
2323
1323
4372
3552
1668
2881
2854
6648
5249
2864
20
20
2008
5537
319
<4240>find pair:(5537,319)
6665
5607
2215
3585
22
1187
6034
3262
4282
844
5692
3066
3508
5837
3023
6601
281
6034
286
6650
7051
3972
3525
2011
1014
5723
286
3095
2305
3023
5933
438
2854
2881
4237
6267
20
20
857
5328
1880
1880
1885
6584
6663
6664
5797
1886
4462
320
673
4372
21
22
3282
5466
3501
7124
5874
4201
645
3705
27
6552
5874
2215
5607
5496
1878
5536
1891
6665
476
2182
1710
2302
3179
7201
1936
1384
5034
2058
1033
5873
5604
1008
961
1182
2301
1403
2266
3051
2277
4771
4494
20
2008
5889
3053
6731
2002
1154
5357
6939
362
3051
38
1417
5405
25
3501
7124
1085
4582
7215
3536
43
5466
746
2168
6939
5328
2048
2049
6693
2366
2007
1884
2049
5328
5328
5328
6664
6794
4430
5999
1653
5751
1995
4567
5034
288
5619
286
4260
2018
339
1416
21
4263
360
1991
4258
4682
1416
20
2008
6811
1393
7243
2564
4451
4767
258
42
1417
260
713
668
2213
1931
1353
805
1885
3234
1971
3360
287
6195
5786
6786
600
6786
5187
2011
5544
400
2130
933
1501
1874
2634
6592
<2238>find pair:(2634,6592)
37
3252
527
4430
5184
3859
341
26
1093
6746
3527
1741
627
1571
2084
21
3282
331
3450
3425
4869
36
20
24
2008
3095
6913
2462
362
4419
3818
4041
4303
5659
7121
1967
1929
4442
712
652
5648
367
3398
5583
5095
2368
673
6725
6811
6507
4500
601
5750
6761
780
1784
6803
5457
511
20
3859
322
4038
5837
4047
3561
342
5301
1323
1327
3262
3498
2479
363
24
20
24
2301
7018
2040
2590
6921
437
4507
259
713
5413
6957
339
1384
5463
595
1655
1317
4544
5998
2440
796
2242
21
20
20
3601
6565
5155
24
6145
1514
5515
265
2320
5579
2019
5155
3859
6762
268
2741
5005
2323
952
6979
5889
311
6811
3187
6931
5273
1968
2937
2350
3305
5403
856
265
4544
6957
1056
1384
3536
3992
5463
4140
5787
263
6606
5110
5188
<1415>find pair:(5110,5188)
6507
24
2235
4773
24
20
1994
3004
1115
5101
2320
5469
574
341
3859
1522
25
3252
1487
6867
4158
7173
5873
3499
6999
5654
2300
2229
20
1416
2008
7202
6789
3104
1721
5301
286
2045
3069
3183
4342
6599
296
4038
287
4582
4391
5583
2481
2084
1874
3639
4773
24
20
1994
303
399
26
1093
4582
3208
5790
5751
296
1299
4966
5666
5034
3482
1701
2320
7124
2254
5890
5457
2462
5061
2093
1416
20
21
6624
5472
2462
2594
5131
1494
4576
3150
3530
3529
1323
1786
1351
1416
22
666
5047
1964
4936
341
5281
22
2320
3614
4258
511
20
24
1994
331
399
1353
6947
7192
3363
6798
713
1004
1323
1516
286
4281
5073
485
855
7051
1393
5484
3498
4914
362
20
20
20
2008
4511
4512
1954
6805
2079
599
1417
389
1641
2836
6684
399
1934
462
1323
2590
4664
4523
1919
1934
5576
6358
320
21
20
24
20
1994
4038
5378
22
1064
3452
5656
1908
5722
6434
6957
3882
2904
3150
559
3352
1877
5538
257
1353
6754
2590
6922
2441
20
20
24
2228
3363
457
295
3274
3183
4551
2299
6918
4038
819
5119
6713
2525
3247
6405
4622
1416
20
5590
6214
3923
507
5969
2324
2157
5844
7158
5040
1360
5493
4038
7160
5937
1187
2634
1913
6719
1964
2408
36
24
20
3536
1210
2910
3549
2542
2950
3816
1862
2314
1884
1934
2258
5607
5609
1878
3152
2170
2546
4846
6432
1953
4527
4691
3130
1556
6306
682
2375
2033
2615
2938
3325
6957
1293
4547
315
26
2320
2938
256
22
620
7105
4914
362
20
4955
360
3105
4552
2315
576
598
1954
4550
5585
288
6118
287
5282
6667
6663
4466
4457
2047
4625
2731
5276
2003
4717
4866
3187
713
6258
541
3176
2411
4153
3860
3360
5937
3355
2019
266
2320
2302
5932
256
3585
4549
3271
362
1416
20
258
3424
5695
4648
2158
6708
3144
4350
1967
2007
6644
2231
20
24
2370
2084
6694
5305
6266
4795
4855
5503
6974
543
2879
3265
650
21
6027
2030
2165
1643
5456
1572
1317
5714
3352
3556
5929
2122
3335
2287
1416
20
258
3217
1786
2277
2909
4514
5550
7139
6836
2043
2089
1416
5282
1416
2369
399
2043
577
6358
5110
5510
7180
6026
2031
4605
2796
2079
1064
4047
4631
5504
1974
767
4951
353
2782
5573
5703
1516
2657
4760
6630
7124
2613
2008
2709
36
1416
20
3096
5534
5852
1780
6606
3212
2967
5308
1873
20
296
5282
24
20
6719
38
2043
2857
6054
5110
2887
2953
20
4528
20
20
5286
4713
513
22
27
2214
5672
1069
5801
4951
6601
2879
3499
2904
746
584
5817
1828
6867
7160
4789
2170
2239
20
20
24
5838
2157
7107
831
4623
2368
6024
7222
2945
5155
1925
24
20
24
2369
20
6719
339
24
2301
4850
4918
4720
320
36
20
24
20
20
24
5590
4716
7028
1863
5077
3177
5867
3608
5211
20
24
2008
403
6034
3150
2990
5005
2374
5702
5459
5847
6811
2356
2615
3401
5110
36
1416
3536
2837
2119
5060
1997
2410
4373
2881
3217
1919
297
2412
1925
4329
2703
4991
2885
5275
2223
4599
1416
5634
362
5590
2037
610
23
2296
3123
5751
38
36
20
1384
1329
1323
1351
5666
3385
1595
4760
2062
3554
6999
2270
2861
2909
2913
36
20
20
24
6624
3132
1069
<1852>find pair:(3132,1069)
2032
3184
2120
5131
5840
3364
1615
6081
6755
1917
5434
2317
5159
5278
1778
1885
2206
4153
3147
320
36
2004
4760
1323
1352
3779
5656
4990
6128
1400
2320
5939
4764
2729
6853
4528
4955
6804
1998
1937
2032
4555
2684
6936
1830
6347
3071
1917
2795
3242
4599
20
5634
4874
2117
3870
4606
2310
36
20
1384
1329
301
1323
1813
2255
5341
1400
1064
2966
4591
4682
2043
24
3536
7124
4586
1921
3049
2296
4556
2564
4991
41
3479
3217
5937
5900
<4611>find pair:(5937,5900)
1489
5511
6981
2241
4774
5634
5361
2436
6637
4164
20
3370
2113
20
1416
4520
3426
465
6010
1489
1327
3660
22
4952
5461
3023
6622
5305
323
20
4955
360
2079
362
6307
881
2008
2280
7098
2461
3370
3121
626
2305
1589
5656
2478
3332
7035
4533
4602
5590
3242
6932
4258
1501
7201
2030
4534
2237
2252
5292
2834
2608
750
1891
5868
6622
5356
2588
1416
20
24
2228
4713
5383
4460
672
7155
3263
3150
3450
3425
2478
6212
4629
4800
20
20
5634
4523
2403
2655
2679
2940
37
20
5504
4448
1615
684
5457
1265
1323
5694
7160
1911
5331
2818
20
24
20
20
1329
3424
4702
3928
2195
3071
2400
4588
3562
7250
6912
2263
5162
2919
1154
4730
5677
5159
4803
7155
3363
3614
3505
6507
1465
6829
1822
3639
5694
2199
266
6977
6931
4591
6042
362
36
20
20
1329
5938
2909
3392
4761
4845
6510
2264
2149
6760
295
3363
3370
3651
4866
1828
7106
5162
3183
2042
24
4800
24
5159
4805
2134
5161
5869
2837
37
20
1465
2907
476
4414
6565
2940
398
21
4038
5005
2946
7105
7046
2287
36
20
20
20
1329
5350
6913
6883
5514
6812
6700
2906
983
1517
438
2905
5513
2291
6755
2285
3183
2241
1416
4599
24
4803
4485
5634
2400
7125
20
4899
6765
3508
3266
2175
2724
2250
399
5301
286
6867
5457
4709
2796
1967
20
20
3425
6816
2254
3246
4550
3204
626
1517
5969
2030
6431
4589
2053
3184
856
4632
4663
5252
4572
5557
7030
1993
6027
5585
1224
1390
855
3559
1656
7124
3398
3478
6624
3241
7046
2661
36
20
1465
7202
6714
2539
6196
2727
7160
4511
1352
5487
5698
2398
2154
1974
6432
4769
1069
2330
3334
4762
2124
1015
2989
361
5504
7063
3337
5456
1296
3858
5131
6858
1546
492
6118
5249
7046
2287
4599
24
20
6817
4237
2221
907
2314
1963
7101
4517
2403
5301
1323
6038
1350
26
1727
1428
6934
3129
4552
2358
4679
4919
2635
4452
2609
6809
1836
6507
4899
6728
3440
5863
5937
2352
2972
2422
5656
5656
7105
5252
2287
36
20
1416
2008
1589
2857
1956
1998
5774
2131
6922
421
1589
6268
3363
1885
5659
6814
1323
1727
1428
7048
7051
6242
2612
2150
4594
7030
6630
2113
4852
3360
3323
2182
3323
5818
2257
1428
5869
475
6196
6940
2891
1927
2008
2815
1991
4237
2316
3391
5439
2403
4507
1687
5889
26
1727
3360
2938
2881
1589
2296
4631
599
4329
<4849>find pair:(599,4329)
3132
4629
7159
3660
2033
20
5156
464
2424
4391
7160
4414
2790
5889
5558
4426
6755
4868
2466
1968
7247
7070
2215
2187
5656
3904
1842
5301
3250
1323
26
1727
274
2030
7048
6940
5503
5331
6960
2296
3122
2176
2033
2004
383
1343
4760
508
3338
750
5005
7160
1393
3384
6657
2796
3049
4762
4601
40
20
24
2008
2972
4738
2207
322
5875
766
1329
6575
6841
528
2501
21
4038
430
5889
26
1727
274
1400
5514
6809
4686
3419
2052
2043
1927
1806
20
2682
2609
768
2946
1836
5881
1447
3529
5673
2278
1836
2608
2302
6552
1749
26
1998
7221
6408
2344
40
20
24
2008
2255
256
2724
2943
7063
2255
2328
2251
5930
5174
3472
2328
6663
2031
21
1351
1727
1097
5077
1727
3360
2946
2265
3023
3152
3338
3214
2084
5255
4716
20
24
2195
2079
2396
4430
2302
4965
846
5544
1546
340
2422
5786
6832
5005
5388
746
5529
1884
1324
5005
3398
6755
7046
2287
2043
1416
21
5863
5966
2375
5928
4760
2381
342
5477
1934
628
265
5323
628
1727
5713
5928
2704
2250
6841
2360
5585
5213
1154
4530
24
4605
4866
3152
5999
2422
2424
5005
2083
2351
4920
2376
5703
713
3552
5928
2104
7182
5405
6661
1402
1055
2585
1964
7107
3242
362
36
1416
20
21
2421
5886
4215
3689
311
5769
2599
3439
3552
301
3283
583
1852
5982
628
1074
2378
5968
2943
5933
<953>find pair:(2943,5933)
5931
5353
5213
5590
2749
1657
6365
5058
2327
739
2099
2327
5040
5029
3858
4930
256
2724
2964
5714
3323
4794
6853
36
24
20
24
21
3933
4127
828
2105
648
4442
262
3283
2556
1669
6760
5929
2835
307
258
3452
2360
1992
6698
983
1454
6369
4262
453
5565
3863
5698
6981
4739
4716
20
1416
26
1187
3255
3226
5666
3255
665
280
1064
620
1188
1187
3255
6601
5950
1186
280
6034
281
3779
5769
6385
5006
4391
2501
4515
2182
4391
334
6034
281
629
701
6601
2740
282
3255
6033
330
6606
4591
2638
36
20
1927
4059
3255
2764
4951
1064
628
621
4975
6033
1452
1727
1452
1064
3283
4951
3255
701
6034
5986
5986
3282
583
3252
262
3282
701
6034
3283
281
1187
666
3550
3320
4682
5912
6517
281
6601
6033
264
628
3255
6033
628
4951
998
3255
3779
1187
5619
745
5307
2248
36
20
20
5445
5706
3283
260
3283
583
584
5982
2737
266
5982
<784>find pair:(266,5982)
595
6038
583
1852
3283
621
429
6010
4288
4102
1852
5982
5982
5078
5982
464
5145
5982
1451
309
6010
309
4134
1008
5389
4716
2400
5769
958
6038
1451
665
4951
3282
1379
6034
656
268
628
4951
3226
4975
1092
280
3255
3255
3192
6606
4591
2170
20
20
4496
3969
1092
264
3283
731
1188
701
1064
620
6601
2764
802
1188
3255
4951
283
6038
626
6038
5711
5078
5078
5145
1451
2099
5145
4942
512
933
5402
1534
6487
5940
5950
6034
1757
628
656
4951
629
628
5666
6034
6033
6601
5666
3255
3255
3255
4442
2204
4446
2856
36
1416
20
4495
1874
2764
6033
3283
5986
629
3282
629
3255
4951
2764
3282
3255
3255
3255
3255
3255
1187
4951
3255
3255
3255
5666
5666
6034
5986
5986
6865
5986
5949
5750
3073
2334
2149
1564
1518
3679
335
3255
591
1453
6034
628
2764
6033
4951
3255
6034
583
5101
5982
5982
628
277
1182
1958
6652
4329
1069
20
20
24
20
20
24
20
1416
21
1727
1452
1323
628
3282
628
628
3251
5982
5982
3282
5982
628
628
583
5982
5982
1852
5982
5982
267
1852
5982
1323
628
27
22
3255
5982
5982
583
701
628
5950
1187
3255
628
4951
2764
6033
6601
6033
6033
1790
1750
2132
4760
1293
5971
311
42
628
3226
38
1188
3282
701
3282
3282
6034
4951
629
1452
3226
5982
2782
3282
628
5982
5982
3283
260
5982
1451
5982
3282
5145
1834
5305
2124
36
20
20
20
4497
1384
5659
5424
1324
5982
5500
628
265
5145
5706
5145
5982
5659
1240
260
5982
1451
6010
260
4102
1380
3858
26
591
1323
22
3282
3282
5982
584
5982
260
3283
4951
5612
264
5982
5982
591
1452
1187
5982
3255
5981
628
583
583
5659
3580
438
438
6728
1034
1097
538
3969
1092
1379
282
2737
656
3252
5145
1092
1380
628
264
5982
267
5982
4576
4631
5510
577
4568
24
20
20
4497
1447
1669
2055
262
1790
627
730
1093
5612
1203
1452
3282
264
4134
1820
3858
26
666
614
5982
266
6010
266
1064
5145
5891
3283
6598
584
584
628
6033
4110
5982
1093
2634
2378
1314
1547
6798
1786
4833
5078
6571
4951
1453
3283
392
628
5465
2913
2953
339
24
20
20
20
20
24
20
20
36
20
1416
1874
4133
264
2737
1063
336
5981
5078
2780
405
2737
396
1929
5659
4283
432
6010
5983
429
628
264
5983
2810
1077
3255
3320
5930
2375
<1519>find pair:(5930,2375)
6907
4951
584
5558
5022
874
5982
1158
262
4111
583
3779
1452
1093
1115
6024
6212
1155
36
20
20
20
20
20
4599
20
1927
21
482
628
2740
1108
4975
311
4975
262
5982
3462
7058
4140
26
5619
389
3283
4951
4671
6311
367
5981
584
628
5892
5707
1451
5145
3240
5968
3440
5954
805
581
2903
332
4111
1379
2621
331
3282
2782
667
406
628
1064
1323
7107
2202
36
20
20
20
20
4599
20
36
1968
5619
628
332
5983
1050
2737
333
620
2765
339
5023
667
3930
1300
5659
2899
263
3283
1370
5982
1380
1297
5928
2426
6907
305
1591
5022
1290
406
6038
6962
1725
628
1093
645
5307
36
1416
20
20
20
1416
20
20
24
20
25
2782
6349
4951
4322
277
6601
700
1406
418
4930
6369
5343
280
4111
3283
1368
5145
3323
5969
5930
1488
1019
1238
1786
4975
299
4110
523
5619
4975
346
3226
4041
4490
2084
20
20
20
20
20
24
20
20
1873
5023
965
266
591
2737
352
628
6601
1558
418
5077
7074
1228
3282
4110
4975
2780
5659
627
665
700
5659
2422
5928
1654
3453
2182
311
3578
5650
3030
1157
4975
276
5892
4975
269
628
259
6358
4938
320
36
20
20
20
24
20
20
1416
20
6664
6601
498
5666
1108
3282
260
628
5267
4048
339
26
1093
282
3803
264
701
3283
661
5123
1790
1240
265
2765
1210
5615
1598
4186
308
5558
5022
4580
4578
453
5981
5892
1379
1451
2104
2821
3298
20
20
20
1416
20
20
20
1416
20
21
22
4975
6424
6410
459
3282
5149
628
1188
3858
26
629
2737
263
3283
2718
271
3283
690
4111
4951
482
628
4444
4449
5932
1072
420
5650
3058
656
3283
5370
2780
2740
3390
7100
1860
24
20
24
20
24
20
4599
20
1416
21
22
4111
1017
1783
4322
3920
391
1790
418
4930
3283
1941
264
2741
1453
3282
3163
6034
583
4975
628
613
6731
362
6867
42
4998
5819
609
5890
6531
413
2782
696
6601
1240
747
3283
2904
2546
2481
1416
20
1416
20
20
20
1927
21
22
1784
275
5078
<163>find pair:(275,5078)
2782
5982
1037
6601
268
1452
6601
538
4582
1276
2536
3969
5098
1064
1451
1453
5500
5761
6033
6033
5982
613
6729
2249
5930
4278
1859
4582
6905
6571
583
5659
1077
390
4111
3251
260
4102
7098
5305
6227
5184
20
20
24
20
20
20
20
20
24
20
21
22
1093
280
4998
270
3283
3032
5951
285
5892
6091
1885
276
1784
6091
4155
4110
3283
815
27
1342
269
5982
2737
1804
3364
529
2426
581
574
1429
5890
1764
1403
4755
5972
350
629
7098
2347
287
2043
24
20
20
20
20
20
1968
5077
2977
2784
1451
6074
5707
628
964
566
3282
1708
1353
1451
941
4276
496
5983
1817
4283
275
5983
1834
5625
1780
383
2255
1008
2127
6401
1384
628
3936
1240
284
6601
5892
260
5951
7058
629
2204
6896
4716
24
20
36
20
20
20
20
24
20
1384
3326
481
3283
7004
5982
5659
2669
1240
5983
354
2741
1708
4930
260
5659
1784
6128
6571
6518
2996
896
389
701
2946
2385
3096
6243
287
1859
1417
4668
352
3283
336
5078
2776
277
3282
4408
4847
36
20
20
20
20
20
1416
20
1416
1874
486
2737
392
629
5982
5742
3736
266
2741
1060
418
4038
5891
1784
3235
5986
1290
6822
1601
3338
5968
7160
858
287
765
1417
1484
1845
629
2737
6495
367
4111
583
5145
<4651>find pair:(583,5145)
6606
2817
4716
20
24
20
20
20
4496
1874
3975
5243
1164
5983
3056
2782
3858
5890
3179
4365
4109
260
5078
286
647
3512
583
4102
1750
5969
6811
908
3858
1859
4582
4123
1819
1976
4808
275
5982
5659
6606
5511
2043
24
20
20
20
20
20
20
20
1384
4038
6161
405
5982
6033
5666
3977
5148
3858
1324
391
2320
284
5078
6009
6033
5659
286
3235
1820
591
2737
2149
5646
3067
2945
290
1967
3208
3969
6464
4864
4134
5659
2738
5983
583
5659
6431
2546
1155
40
20
20
20
20
20
20
20
20
20
1416
21
6601
628
4838
265
5983
5982
5892
464
1784
1374
5405
7191
3490
1463
1352
464
2737
583
5812
275
3252
6010
6728
5751
3529
3453
701
25
40
3208
5890
4538
3757
4110
4111
4951
4174
6009
701
628
3320
320
7107
2299
42
4528
20
20
20
20
1416
20
20
1447
3192
5611
6064
5574
2421
1451
3861
4278
1929
1727
5347
1093
5413
1890
464
3283
2740
336
1452
666
607
5982
2904
3145
438
309
342
417
37
5650
2894
4111
2780
6009
5659
5659
467
3283
2421
6010
3323
5510
6460
38
2043
20
20
4495
20
20
1447
3192
4931
4545
3224
627
265
3283
6163
3753
26
1727
627
1379
722
4041
5078
2740
910
3251
430
5982
5982
4134
6606
6510
2424
465
342
417
37
5077
3899
3256
265
3252
1240
3282
6109
260
628
2421
5145
360
4873
36
20
24
20
20
1927
20
20
1447
608
2741
1845
356
628
648
5982
568
4110
993
418
26
1727
627
5891
3283
482
42
1384
4111
627
6163
6037
5145
1184
5101
5145
5005
4632
2289
2972
465
287
3704
680
1784
667
657
584
5707
6604
656
277
7098
2591
36
20
24
20
20
20
1416
20
20
1447
4501
6166
260
1784
667
6033
480
584
1784
270
3283
5443
3858
26
1093
3664
627
722
4041
4036
2740
270
628
3602
268
628
613
320
4634
2462
3579
1033
2127
6866
526
935
1240
6743
415
4111
4951
270
628
1727
2364
5387
2052
2322
4716
20
24
20
20
24
20
20
20
20
1447
1318
6162
2623
5892
621
1453
275
5892
627
964
681
26
5951
3575
464
3614
26
1064
5893
923
3999
583
1380
713
24
5634
2243
3452
465
287
844
5890
684
2476
311
5983
264
1453
3373
605
701
1452
1093
745
2347
2322
5308
20
20
5159
4688
1417
6478
5561
269
1453
1569
3252
613
1929
7059
5891
2144
1380
398
3282
5659
1854
4134
2624
280
2737
2084
5634
6970
1749
5659
3390
417
1352
526
6725
1795
377
701
1452
1093
4140
2347
2322
4661
20
20
20
5159
20
20
1447
626
1820
4102
6010
1347
2714
432
3252
6037
1453
1681
26
657
4975
2899
2833
430
4111
1037
262
5145
2084
5633
2400
1393
5698
2127
509
1323
7090
2879
4576
6723
1151
5078
1452
666
2364
5110
2076
2043
24
20
20
4599
20
20
1968
3687
6037
3112
1077
4134
268
2782
476
993
418
5077
626
4111
5951
6256
1346
282
3252
628
261
2084
4531
5351
1979
6910
5890
3875
1786
4930
2691
1026
7058
1727
1451
311
2204
362
3049
4735
2043
20
24
20
4599
24
36
1927
21
22
2782
2965
349
5659
6770
649
6540
1739
26
3779
1784
1240
270
4975
265
6601
2106
703
3283
353
1727
5213
2331
3067
6867
1420
5890
1509
3858
5484
1304
640
3283
583
272
1452
1093
1666
5162
2522
2043
20
20
20
5677
36
1416
21
22
2737
4300
1394
7208
5378
5657
4382
418
26
5619
788
5982
260
4111
2899
2741
890
1852
1188
4110
1380
5353
2949
4760
<2375>find pair:(2949,4760)
5928
5919
509
5890
334
3858
21
4207
3056
1060
277
1727
6575
5510
1155
2043
20
20
20
4534
4600
4292
1240
4001
5954
326
2741
353
4102
7063
3530
581
5982
5727
5077
4122
311
6010
1663
3803
1105
2418
268
5982
2737
2379
5968
42
5659
1403
6540
313
1866
4038
6139
6596
281
666
648
1727
6575
6131
2863
1927
20
20
4534
4993
21
3602
2104
5077
263
5707
753
1786
2765
3320
5224
353
628
3064
1929
5659
6360
1131
5983
583
5659
265
5659
2488
429
628
613
438
3440
3440
6259
3605
280
4975
779
41
26
1187
272
3283
282
5951
2781
1071
5659
628
1510
6211
4459
767
1967
20
20
1416
20
5159
36
1384
3256
5907
5761
1201
1323
1453
5005
2476
6822
4543
5077
6518
346
3803
267
4111
<1804>find pair:(267,4111)
583
5659
277
6601
2740
392
628
613
3440
2302
2375
6802
1067
6701
346
256
5077
5892
3980
3350
1790
627
3219
1452
666
6931
2817
4661
20
1927
4599
20
24
20
1447
3687
464
4283
389
584
3944
5951
423
1097
5890
3753
5077
2671
5165
1231
3252
595
6010
4111
353
2782
1451
4134
5933
6999
4760
1631
540
4349
2746
6517
374
3868
5379
353
1452
3226
7171
4895
4716
20
20
1416
4599
1416
20
1447
626
5078
2600
353
1452
4041
1790
43
5604
6728
1518
1136
420
26
666
4437
268
2741
667
4112
3457
270
4134
264
6010
5863
6810
454
2127
6866
4833
3173
3284
270
2741
262
628
265
1452
3282
266
5279
320
2043
20
20
20
20
4528
20
1927
21
5220
1679
4110
5892
396
713
1790
1315
1388
1690
1532
5023
270
4975
2740
3195
6037
5488
<4700>find pair:(6037,5488)
4274
276
6010
5863
3290
3501
24
4349
3139
2836
2016
665
584
4110
5500
4134
1727
2422
6933
4716
20
20
20
20
4800
4495
21
1702
5078
2261
289
<3134>find pair:(2261,289)
666
1683
4269
1189
418
5890
953
6009
276
4134
5983
3193
788
628
4979
2684
5930
5681
24
4349
7166
1540
3776
264
6010
344
6575
7196
4716
20
24
20
20
4805
1501
5787
667
4204
2509
2422
5077
667
1455
3010
613
1929
5659
3909
2740
4545
264
1453
1240
5500
4998
3377
2737
2422
513
4663
5944
6698
4363
1067
1394
3719
414
5859
1192
4111
276
1064
4102
6931
5511
40
20
20
20
20
362
1501
1874
269
1784
1451
5707
6284
499
652
2737
371
4111
479
42
21
26
666
6410
264
5983
2893
2668
1453
3512
6009
3576
6279
2891
6907
379
24
417
1352
4358
773
808
6822
5500
276
3283
583
1727
2422
5037
2075
36
20
1927
20
5387
1384
4038
1240
262
5982
2737
5964
4167
304
5078
264
5707
3659
1786
5124
5977
405
6601
5830
5985
504
628
6010
2634
5718
2280
1209
1978
24
5008
638
6165
5703
2105
266
5707
390
2737
628
3360
2364
2843
320
36
20
1416
20
24
20
321
20
20
1384
4038
260
4111
3715
623
3283
6397
6033
2741
583
474
1323
2765
262
2741
4441
346
4975
5147
348
5102
265
5982
5378
650
5590
767
4326
4363
4349
4926
5145
553
3453
5047
2737
4353
3282
5145
3323
2283
2050
2322
4716
4497
20
20
1968
3536
6545
268
2741
267
3283
280
5981
267
3283
2740
1451
260
4111
5889
26
666
5949
619
4111
6162
3417
3252
1451
2737
513
36
20
5634
2326
4409
286
24
4349
1774
5706
2737
676
2737
263
5982
590
620
629
628
583
1452
1727
6606
2031
5554
2322
4716
20
1927
673
4496
4582
496
5982
264
1784
6361
1854
326
2781
3283
583
1820
5889
5077
1089
627
482
3226
642
1985
347
4111
272
2737
513
36
20
20
5504
3152
2168
607
6507
4209
6701
285
1093
7074
276
628
265
3283
3251
628
1092
1093
27
2364
2291
6852
37
20
24
20
20
20
2292
5728
260
4111
6275
5104
4134
703
2782
2741
747
5889
5077
1453
5983
1379
701
5982
1947
629
5078
739
3283
2740
750
2042
5504
5131
1393
275
1967
844
5890
3348
3489
3691
353
5982
1727
300
4771
3049
2594
40
20
20
20
36
2008
650
1873
1093
4001
607
3283
1379
5101
303
4111
262
2737
1240
3308
5889
26
1064
443
1790
3226
1790
266
3283
3664
843
3252
356
1852
4110
668
6593
5208
3440
984
1097
24
5008
884
262
6601
6033
3539
4383
2784
5982
3360
2466
5771
36
20
1416
20
20
2008
2411
21
701
5951
270
5982
737
6601
5244
1092
4134
6010
2741
300
5692
627
4211
5101
267
5892
5343
267
5982
6599
258
3283
1129
584
701
2373
5967
6728
3453
432
42
24
5008
3695
284
2741
5424
3192
6285
5891
5145
745
5205
20
1416
20
20
20
1873
20
20
1384
1188
3283
3374
3489
504
6010
547
5145
2740
1790
1784
1786
3969
5982
303
38
1820
628
1122
2782
266
4998
3900
6247
2740
1093
315
3368
3589
3323
301
3283
2104
40
5008
4833
1687
42
3803
4308
583
628
277
2364
2591
36
20
1416
20
4497
1384
2781
5659
276
5078
3621
5611
4975
276
701
6034
2740
509
5692
311
1820
2199
446
1452
6601
1110
6544
2740
1727
3240
5930
3440
3453
627
2104
2127
6597
798
628
4174
4172
5001
5612
6033
628
263
2204
7001
36
20
24
20
20
4497
1384
1757
4111
1853
5706
5983
667
6298
629
1790
3413
4930
5659
1571
5023
4974
2737
520
1330
1158
1064
6208
5774
2327
4760
7113
1343
2879
5650
697
3283
665
6743
6033
270
5892
260
1452
657
5982
263
2208
2591
36
20
24
20
20
24
20
20
4495
25
5951
2899
479
3226
1240
6302
4975
627
6468
2261
4930
378
1516
5997
5145
3822
703
1009
583
5101
5981
4430
2375
1327
1209
425
6128
2851
3283
3699
7193
433
6010
2422
6323
2522
40
20
20
36
20
20
20
20
4495
1448
6032
1076
5982
1240
5891
666
1451
1161
628
5982
1242
1786
3969
667
626
2182
1386
4102
2741
2737
3497
669
4111
627
4430
1667
2382
3580
6000
4382
7207
583
5323
3192
5119
369
1453
277
628
311
6306
7099
2076
40
20
20
36
20
20
20
1927
20
1417
276
6038
260
2737
621
1092
428
5612
5982
1784
1451
3251
1453
1820
5889
3969
5892
260
1380
5889
890
5982
2106
266
2741
6064
4134
3240
6714
6268
6907
1071
6798
2476
3897
276
1886
1071
383
6037
5982
2782
354
628
3576
7098
5511
36
20
20
20
20
20
20
20
24
20
20
1417
4905
3283
367
3803
5982
268
584
5707
1018
6034
346
1323
3969
326
5892
5659
426
2782
605
584
2737
3913
5500
353
1093
315
907
4632
4200
4760
3261
750
5650
6598
2700
418
3536
274
38
6601
3283
621
1699
583
628
613
7098
5511
36
20
20
20
20
20
20
24
20
1927
21
884
5619
2737
1103
6038
4441
628
4473
43
1323
3705
1852
620
3255
2579
6491
1496
3803
479
4110
265
1727
1640
320
4534
5214
5933
7113
1566
750
6701
6821
613
610
4038
5413
1712
3803
262
1452
1727
2916
5182
3158
6507
1927
20
20
20
20
1416
20
1417
1379
280
3282
2602
1240
3251
583
2740
658
5889
4930
260
628
1064
5097
2965
42
5983
2600
6033
701
1727
1589
4661
6027
3337
3383
5465
454
2476
975
1437
4041
4038
1142
3355
4695
581
1064
628
7195
4417
5273
339
40
20
20
36
20
20
20
20
20
20
20
1417
1379
1093
307
4975
583
282
3779
1064
5982
5986
1399
4210
1379
4111
392
701
4111
4347
7078
3561
5479
2132
6728
289
3360
26
1790
4186
2746
5096
963
287
1885
1757
5051
6062
337
584
5078
2083
2239
5554
320
40
20
4599
20
20
20
20
20
20
1447
6601
628
6122
608
620
3282
326
2782
4975
7209
22
6601
1949
5983
379
5488
267
5101
<3845>find pair:(267,5101)
4111
264
3283
1832
5210
2131
3096
1581
2104
26
1790
1437
3561
4430
2257
5493
962
22
628
5102
3814
262
5982
4102
2083
5356
2861
4716
20
4599
20
20
36
20
20
1968
1122
2741
739
6034
263
5619
3959
337
668
418
4930
4951
1773
5983
6540
4441
264
2737
353
5982
6754
5359
2351
5808
300
5077
4349
844
2634
3470
3583
4865
1668
5077
5500
6601
4112
5982
583
657
6606
5511
36
1416
20
20
20
20
20
4495
21
3251
5982
6314
6361
1064
481
628
372
5982
699
418
22
629
628
2448
3283
263
5707
1786
4582
4951
4263
817
1380
5982
628
6754
2249
5456
5808
5005
4582
6866
844
6565
532
2424
1008
4975
4951
1301
276
1380
628
3360
6912
2660
2043
20
20
1416
20
24
20
20
1416
21
265
5659
312
1452
5951
696
1351
6038
1452
6601
4951
3283
624
418
22
591
5983
372
4134
3283
625
4041
26
1757
5078
299
584
584
628
2737
4450
6811
5808
681
1448
6627
638
1393
3976
5025
1240
469
4110
666
3323
2284
6852
4661
20
20
20
20
24
20
20
20
20
24
20
5407
1420
4038
333
42
21
26
3779
5983
268
3501
281
3282
1681
4038
903
2737
1122
4041
5890
4111
282
5659
309
1380
3334
2269
1315
2880
4326
1934
3605
2746
4033
1393
4976
1519
5892
6598
628
1727
1489
6896
5308
20
20
1416
20
20
20
20
1447
3287
3751
4041
3779
1453
270
3501
608
3282
4102
3858
4038
356
1820
4442
6489
6728
5890
640
3252
1451
7195
2385
5398
4409
259
713
5023
6540
6565
773
7003
474
416
6601
583
628
263
2364
5510
2135
36
1416
20
20
20
20
20
20
20
1447
395
2782
1330
1453
43
645
26
1757
5983
2737
621
6633
1386
1727
5405
4930
730
3282
2713
262
6599
5100
6598
325
701
6010
628
3390
3337
5224
2880
2182
43
610
3501
3660
709
5761
6639
983
479
2737
583
657
5982
2456
6951
4716
20
20
20
20
4599
20
4495
1448
6275
300
4930
2086
1929
1790
275
5145
2740
262
2063
276
6034
4303
3705
4111
5659
454
3707
454
1890
5982
268
1453
595
5892
2327
4430
2424
396
610
3501
3660
3953
4975
2718
6275
5922
2741
5982
805
5307
36
20
20
20
20
4599
20
20
1927
21
5485
1410
701
1323
26
3226
7145
613
1087
6034
668
418
5077
627
1348
6528
4956
6890
1929
584
5892
280
5659
5892
3453
2879
5790
5515
681
25
3501
6822
7230
447
6601
276
5983
4951
2144
4111
583
628
666
26
6322
2594
36
20
20
20
20
20
4599
4495
1448
474
5077
639
289
5500
4973
6866
627
3730
26
5124
394
645
4038
336
5659
369
7010
667
5143
603
3555
2880
2375
2104
1934
1067
6701
3224
6555
260
4975
1151
628
666
2204
5110
1155
36
24
20
36
20
20
20
20
20
1968
264
4111
286
1518
3378
5029
276
2737
1628
26
1727
1192
645
1353
6743
566
4041
3562
595
6038
5500
3255
3262
5937
7063
4787
713
5023
2062
4670
6100
353
628
629
5010
598
40
20
20
20
20
20
20
20
20
20
1447
264
2737
428
4975
416
5982
3283
4023
5891
6890
22
1093
487
3282
590
6445
26
1093
2830
1428
713
4038
747
2782
5500
1452
629
3552
2938
647
1967
1448
6627
6927
6592
935
804
1452
5666
6777
24
20
20
20
20
36
20
20
20
1968
629
4111
410
1093
902
5982
1187
3030
1739
4038
270
628
583
628
2104
2165
5982
4273
5106
5889
2806
5102
2740
3282
701
6867
5873
398
696
296
21
3605
3931
2960
2062
3638
1379
5892
447
3255
2456
2614
1961
40
20
20
20
20
20
20
20
20
1927
21
6601
1201
5892
352
1453
1451
6349
445
3858
5890
487
2737
1314
5982
4273
3090
270
1784
2621
5892
2328
3627
2305
2212
306
713
4038
7192
5951
2627
418
1356
5005
1318
1089
628
3360
2468
24
20
20
20
20
36
24
20
20
1927
21
264
3803
3965
4070
3516
6139
427
3858
3969
5241
1071
4111
4012
273
1188
5983
2740
263
5614
5929
6867
1033
4507
1628
6642
3748
2104
4582
5820
4783
265
5102
1288
4991
2520
1967
20
20
20
20
20
24
20
20
20
1416
21
311
4975
2722
4110
5983
756
628
265
5892
1453
1784
3858
26
1727
5804
430
951
2737
325
2741
262
3283
4951
5998
1489
5815
6907
4408
1448
1532
3787
1774
3858
5604
379
1451
886
657
650
6024
2280
2084
24
20
20
24
20
20
20
1968
1275
726
3283
276
3283
2620
1451
5127
627
1628
5077
4538
426
4186
430
2737
4861
331
628
1727
5005
3614
5131
7223
3439
3572
1324
3036
1097
1323
6552
3283
1623
590
6599
4896
24
20
24
20
20
24
20
20
20
1927
5023
1093
2734
5891
2741
747
5892
4134
468
701
3858
4930
1850
3282
1621
6038
4755
621
1814
656
4951
360
5657
5656
1015
1147
3065
3897
938
2168
1323
1453
6601
5986
3255
2834
2347
6307
36
20
20
24
20
24
20
20
4495
4038
3251
703
2741
280
3282
3251
628
628
4975
3834
629
3858
5890
2421
667
1795
700
4975
4109
444
1452
629
2250
5457
5657
5748
583
3289
4582
4333
7147
3802
584
1187
1452
1093
597
2347
6307
1416
20
20
20
20
36
20
20
1927
1353
4111
6033
583
487
2782
429
3283
260
5981
4951
4111
264
3283
6601
1008
4582
3965
812
7056
5194
621
3251
629
5931
6712
1009
1708
5890
4229
4146
2623
3283
3251
4134
2364
2520
2084
20
20
20
20
36
20
20
1927
4038
2780
4951
566
6601
1468
264
3283
264
2737
583
4975
418
5077
2833
3741
4111
5292
535
2737
583
1727
2305
6811
2253
303
6798
6645
1257
4975
265
5983
5950
552
1453
1452
3282
3234
6105
2287
1927
20
20
20
4599
4495
4038
290
4975
4323
2740
429
1453
309
5983
5727
5077
6380
2648
3282
1077
3283
5120
627
665
1071
6957
2970
2182
5820
1532
6701
2673
667
6601
6033
583
5659
276
701
3282
1093
3234
4525
1416
20
24
20
20
20
20
4495
4038
311
5981
267
5983
6163
3933
5102
738
701
620
3858
26
1790
4204
275
628
1424
3803
1379
353
4110
1314
3145
2250
747
6179
6557
1257
6423
6943
2782
3255
396
7100
2075
36
20
20
24
20
20
36
20
20
1416
20
22
1093
311
628
834
2741
1818
3236
4809
4319
22
7059
2599
459
3283
3170
3798
2108
701
7160
2946
1517
42
5892
3508
1628
1518
6326
6868
948
1212
890
5659
628
1240
2134
6939
2522
36
20
20
20
20
20
36
20
20
20
20
20
4038
260
3255
4538
3220
3923
356
628
6387
609
3969
6128
2761
5165
5244
6466
260
3803
3462
1064
3323
5938
2376
429
668
6798
6790
6885
4327
1575
5659
1452
1093
3234
2483
7088
2003
20
20
20
24
20
36
20
20
1927
4038
4173
2784
256
1352
290
3779
1453
5809
1532
26
629
1572
5319
2742
3971
2740
6096
5681
3067
6687
5714
581
4501
6540
1420
<4372>find pair:(6540,1420)
708
6034
4317
5355
5798
4820
20
20
20
20
20
20
20
20
4495
4038
281
6601
1496
483
3858
22
3256
333
2782
465
3858
3969
5865
5997
3664
6547
1643
355
2737
911
3023
3095
575
3605
6797
6487
664
398
1323
1790
410
666
7098
5511
6507
1927
20
24
20
20
4495
3536
627
694
38
6601
5891
429
2741
1532
1885
1064
1820
3282
2828
256
4582
798
6601
1026
1379
1596
7124
7124
3860
4400
3350
3705
6540
3262
3358
6555
5907
1786
4326
627
551
629
5253
599
1416
20
24
20
20
36
20
20
24
20
24
3536
627
3004
583
4930
6440
3283
286
5889
38
3282
1820
3283
269
2782
287
4582
280
1790
1188
629
3255
3255
282
3255
283
3255
5981
3252
5458
7160
2157
1352
5821
509
3351
5819
5812
5481
1478
3553
6601
268
3283
3732
7196
4824
24
20
20
36
20
36
20
20
1927
1840
1739
5040
5143
1006
2019
627
2780
701
5145
5106
5424
6418
6920
21
1886
21
1351
5466
6693
2048
1884
5328
4464
1925
21
6920
4464
6584
3924
275
1064
2880
2905
4552
1457
4582
6633
2261
2746
527
619
1326
3527
1453
309
4134
6994
5162
2307
20
24
20
20
20
20
20
36
20
1927
1669
447
645
4038
267
5892
3701
4111
3283
4951
5145
305
383
5405
5328
6663
6667
1925
4497
4497
<3313>find pair:(4497,4497)
1968
5328
5328
1925
24
20
1928
2008
1314
2327
5399
2285
2008
5884
4382
634
673
26
6601
891
3262
494
1784
667
4613
4848
5554
20
20
20
20
24
20
20
20
20
20
4955
2995
3858
3705
628
5709
3803
755
4102
2737
629
628
482
5692
287
20
6652
6171
2011
6939
6786
796
5576
5786
6577
821
342
4495
4575
2375
5399
2242
2008
5884
2476
3471
1929
6601
6469
346
1639
2021
642
3360
4525
20
20
20
20
20
20
20
20
20
1927
3536
352
3858
5077
5982
1790
1064
521
3282
268
1453
1784
4441
3283
372
5889
2104
2287
5542
3334
4763
543
1489
4965
4920
5252
5657
5365
2662
4153
3441
1400
6701
1641
5446
1597
438
1379
268
2741
300
2468
20
20
20
20
20
20
20
20
4495
4038
4371
948
5077
5892
268
5612
786
1188
4111
3251
370
1786
6874
2298
2091
2464
5249
5513
1918
2243
3358
3323
3183
2443
2615
3174
4319
7193
1704
303
6601
394
5933
3678
5982
2261
4740
321
20
20
20
20
20
20
20
20
4495
4201
5954
1025
6038
627
372
5707
3283
265
5981
1158
5889
2320
4712
5587
7106
4763
3447
5298
1506
2634
2467
5629
3530
1859
5077
5766
1795
583
5983
265
6010
360
2467
41
20
20
20
20
20
20
20
4496
5558
4148
657
1453
266
5982
<784>find pair:(266,5982)
262
1452
5102
583
2782
3648
5889
2320
3274
4841
4892
4588
1964
2861
2288
5672
6755
4459
4446
4462
3441
1437
6885
6555
327
591
4975
583
666
4920
2442
36
24
20
20
20
20
20
20
4496
951
2741
3135
5982
701
584
3252
433
628
4371
2538
2151
5516
5851
3397
3077
1997
6663
2318
2949
6755
2443
5282
2881
3605
4358
1337
2764
325
628
628
7151
5356
362
2588
2043
20
24
20
20
20
20
20
20
20
4955
6116
1726
6202
1451
5102
737
4975
4391
3705
3186
1954
6974
2545
1865
5929
320
7107
4943
7106
5554
5388
3266
6633
1200
3282
6034
332
3255
2320
7098
2368
7107
5308
20
20
20
20
20
20
1416
20
4955
4192
264
1452
6601
6988
912
5659
4094
4441
1097
5077
300
4711
1546
6184
2859
4867
2561
7034
6212
2368
2486
2411
2292
3051
6713
3605
2177
7130
467
4111
4951
1093
745
5356
6105
1967
20
20
20
20
20
20
4497
3536
631
3283
6469
5892
2741
5165
1379
656
260
1323
584
7098
6950
599
7107
2683
1964
600
5554
2791
2821
6105
4420
2008
3441
319
6601
5144
268
3283
738
4975
1071
4111
583
4134
7098
4417
2248
24
20
20
36
20
1927
20
20
1927
4038
5986
6220
5149
4110
5078
487
1790
469
629
1323
2320
2612
6839
7175
7106
5518
5131
1964
6196
2467
4901
2008
3441
1437
3762
4671
1704
275
6010
315
6418
6902
4458
320
36
20
20
20
20
20
20
1416
20
1927
3536
326
4111
4973
778
5145
275
1790
469
666
1323
620
4512
1614
6293
2195
3049
4237
2117
7107
2442
5554
7025
3441
2199
7090
1444
1756
3254
628
317
2394
2584
2863
36
20
1416
20
1416
20
4496
3536
354
5892
4441
354
5892
3283
268
584
5983
4951
268
3252
2536
5077
6994
2190
6756
2887
5399
2482
6002
5301
2323
