Dataset: /home/uchinosub/git/MyResearches.ImageToText/output/image-orig/
k: 5, loop: 300
Number of classes: 10
Number of dics: 10
Number of test data: 100
Number of learning data: 890
~~~~~~~~~~~~~~~~~~~~正解率~~~~~~~~~~~~~~~~~~
| ~回目 | PRDC |  PAIR_MULTIPLE | PAIR_MULTIPLE_LOG | RECOMPRESSION |
| 1回目 | 0.71 | 0.81 | 0.75 | 0.71 | 
| 2回目 | 0.62 | 0.66 | 0.69 | 0.66 | 
| 3回目 | 0.61 | 0.69 | 0.74 | 0.65 | 
| 4回目 | 0.65 | 0.67 | 0.68 | 0.71 | 
| 5回目 | 0.64 | 0.66 | 0.7 | 0.61 | 
| 6回目 | 0.64 | 0.73 | 0.69 | 0.75 | 
| 7回目 | 0.57 | 0.56 | 0.62 | 0.58 | 
| 8回目 | 0.71 | 0.69 | 0.69 | 0.68 | 
| 9回目 | 0.67 | 0.76 | 0.74 | 0.74 | 
| 10回目 | 0.6 | 0.67 | 0.69 | 0.68 | 
| 11回目 | 0.61 | 0.64 | 0.63 | 0.57 | 
| 12回目 | 0.59 | 0.65 | 0.67 | 0.67 | 
| 13回目 | 0.61 | 0.68 | 0.72 | 0.65 | 
| 14回目 | 0.55 | 0.71 | 0.7 | 0.64 | 
| 15回目 | 0.71 | 0.8 | 0.72 | 0.69 | 
| 16回目 | 0.65 | 0.69 | 0.71 | 0.72 | 
| 17回目 | 0.65 | 0.71 | 0.69 | 0.72 | 
| 18回目 | 0.63 | 0.7 | 0.67 | 0.71 | 
| 19回目 | 0.66 | 0.72 | 0.7 | 0.66 | 
| 20回目 | 0.62 | 0.67 | 0.7 | 0.68 | 
| 21回目 | 0.67 | 0.7 | 0.75 | 0.69 | 
| 22回目 | 0.61 | 0.71 | 0.67 | 0.58 | 
| 23回目 | 0.59 | 0.66 | 0.68 | 0.65 | 
| 24回目 | 0.6 | 0.72 | 0.7 | 0.62 | 
| 25回目 | 0.61 | 0.71 | 0.71 | 0.77 | 
| 26回目 | 0.6 | 0.62 | 0.64 | 0.66 | 
| 27回目 | 0.71 | 0.74 | 0.7 | 0.8 | 
| 28回目 | 0.55 | 0.61 | 0.6 | 0.61 | 
| 29回目 | 0.63 | 0.69 | 0.7 | 0.69 | 
| 30回目 | 0.64 | 0.68 | 0.7 | 0.62 | 
| 31回目 | 0.71 | 0.75 | 0.74 | 0.77 | 
| 32回目 | 0.63 | 0.66 | 0.65 | 0.64 | 
| 33回目 | 0.65 | 0.78 | 0.73 | 0.74 | 
| 34回目 | 0.65 | 0.69 | 0.69 | 0.73 | 
| 35回目 | 0.69 | 0.72 | 0.74 | 0.69 | 
| 36回目 | 0.69 | 0.77 | 0.76 | 0.69 | 
| 37回目 | 0.63 | 0.68 | 0.63 | 0.64 | 
| 38回目 | 0.62 | 0.73 | 0.74 | 0.66 | 
| 39回目 | 0.59 | 0.77 | 0.69 | 0.66 | 
| 40回目 | 0.58 | 0.67 | 0.68 | 0.7 | 
| 41回目 | 0.65 | 0.68 | 0.64 | 0.65 | 
| 42回目 | 0.57 | 0.61 | 0.57 | 0.55 | 
| 43回目 | 0.63 | 0.67 | 0.67 | 0.67 | 
| 44回目 | 0.62 | 0.72 | 0.68 | 0.67 | 
| 45回目 | 0.61 | 0.73 | 0.68 | 0.65 | 
| 46回目 | 0.59 | 0.59 | 0.66 | 0.65 | 
| 47回目 | 0.61 | 0.72 | 0.68 | 0.69 | 
| 48回目 | 0.62 | 0.68 | 0.69 | 0.63 | 
| 49回目 | 0.64 | 0.73 | 0.7 | 0.77 | 
| 50回目 | 0.61 | 0.63 | 0.67 | 0.66 | 
| 51回目 | 0.68 | 0.73 | 0.71 | 0.68 | 
| 52回目 | 0.7 | 0.71 | 0.73 | 0.69 | 
| 53回目 | 0.63 | 0.73 | 0.74 | 0.73 | 
| 54回目 | 0.71 | 0.76 | 0.71 | 0.7 | 
| 55回目 | 0.57 | 0.66 | 0.62 | 0.61 | 
| 56回目 | 0.52 | 0.66 | 0.6 | 0.59 | 
| 57回目 | 0.66 | 0.69 | 0.63 | 0.65 | 
| 58回目 | 0.68 | 0.73 | 0.71 | 0.75 | 
| 59回目 | 0.57 | 0.74 | 0.72 | 0.63 | 
| 60回目 | 0.66 | 0.76 | 0.76 | 0.69 | 
| 61回目 | 0.65 | 0.7 | 0.66 | 0.69 | 
| 62回目 | 0.61 | 0.68 | 0.58 | 0.65 | 
| 63回目 | 0.67 | 0.64 | 0.65 | 0.68 | 
| 64回目 | 0.65 | 0.7 | 0.68 | 0.71 | 
| 65回目 | 0.69 | 0.8 | 0.73 | 0.73 | 
| 66回目 | 0.65 | 0.74 | 0.72 | 0.74 | 
| 67回目 | 0.57 | 0.61 | 0.63 | 0.63 | 
| 68回目 | 0.58 | 0.63 | 0.64 | 0.63 | 
| 69回目 | 0.7 | 0.76 | 0.7 | 0.69 | 
| 70回目 | 0.63 | 0.73 | 0.71 | 0.74 | 
| 71回目 | 0.72 | 0.71 | 0.71 | 0.72 | 
| 72回目 | 0.63 | 0.7 | 0.69 | 0.7 | 
| 73回目 | 0.66 | 0.71 | 0.74 | 0.74 | 
| 74回目 | 0.58 | 0.6 | 0.72 | 0.63 | 
| 75回目 | 0.65 | 0.7 | 0.7 | 0.77 | 
| 76回目 | 0.59 | 0.67 | 0.66 | 0.71 | 
| 77回目 | 0.71 | 0.68 | 0.72 | 0.72 | 
| 78回目 | 0.64 | 0.66 | 0.69 | 0.66 | 
| 79回目 | 0.71 | 0.7 | 0.7 | 0.73 | 
| 80回目 | 0.7 | 0.78 | 0.78 | 0.75 | 
| 81回目 | 0.68 | 0.69 | 0.68 | 0.73 | 
| 82回目 | 0.64 | 0.78 | 0.71 | 0.68 | 
| 83回目 | 0.67 | 0.71 | 0.68 | 0.74 | 
| 84回目 | 0.62 | 0.68 | 0.67 | 0.65 | 
| 85回目 | 0.71 | 0.72 | 0.7 | 0.73 | 
| 86回目 | 0.72 | 0.7 | 0.74 | 0.73 | 
| 87回目 | 0.6 | 0.68 | 0.65 | 0.66 | 
| 88回目 | 0.64 | 0.66 | 0.68 | 0.68 | 
| 89回目 | 0.61 | 0.67 | 0.66 | 0.67 | 
| 90回目 | 0.62 | 0.7 | 0.72 | 0.62 | 
| 91回目 | 0.69 | 0.69 | 0.74 | 0.66 | 
| 92回目 | 0.54 | 0.64 | 0.62 | 0.55 | 
| 93回目 | 0.65 | 0.72 | 0.68 | 0.67 | 
| 94回目 | 0.61 | 0.75 | 0.69 | 0.68 | 
| 95回目 | 0.68 | 0.73 | 0.77 | 0.76 | 
| 96回目 | 0.65 | 0.68 | 0.67 | 0.69 | 
| 97回目 | 0.63 | 0.68 | 0.73 | 0.62 | 
| 98回目 | 0.66 | 0.72 | 0.68 | 0.64 | 
| 99回目 | 0.63 | 0.63 | 0.65 | 0.68 | 
| 100回目 | 0.65 | 0.68 | 0.61 | 0.66 | 
| 101回目 | 0.56 | 0.75 | 0.66 | 0.74 | 
| 102回目 | 0.6 | 0.75 | 0.7 | 0.68 | 
| 103回目 | 0.63 | 0.74 | 0.74 | 0.72 | 
| 104回目 | 0.61 | 0.71 | 0.7 | 0.7 | 
| 105回目 | 0.69 | 0.77 | 0.8 | 0.72 | 
| 106回目 | 0.64 | 0.7 | 0.71 | 0.74 | 
| 107回目 | 0.56 | 0.75 | 0.7 | 0.73 | 
| 108回目 | 0.61 | 0.69 | 0.67 | 0.64 | 
| 109回目 | 0.62 | 0.68 | 0.67 | 0.66 | 
| 110回目 | 0.63 | 0.67 | 0.74 | 0.75 | 
| 111回目 | 0.67 | 0.68 | 0.78 | 0.65 | 
| 112回目 | 0.66 | 0.72 | 0.72 | 0.7 | 
| 113回目 | 0.67 | 0.68 | 0.66 | 0.68 | 
| 114回目 | 0.65 | 0.62 | 0.66 | 0.66 | 
| 115回目 | 0.59 | 0.63 | 0.66 | 0.61 | 
| 116回目 | 0.54 | 0.62 | 0.64 | 0.62 | 
| 117回目 | 0.67 | 0.69 | 0.74 | 0.73 | 
| 118回目 | 0.63 | 0.74 | 0.68 | 0.77 | 
| 119回目 | 0.61 | 0.64 | 0.62 | 0.6 | 
| 120回目 | 0.63 | 0.69 | 0.72 | 0.75 | 
| 121回目 | 0.69 | 0.69 | 0.73 | 0.73 | 
| 122回目 | 0.65 | 0.67 | 0.72 | 0.67 | 
| 123回目 | 0.78 | 0.75 | 0.75 | 0.81 | 
| 124回目 | 0.56 | 0.58 | 0.58 | 0.69 | 
| 125回目 | 0.66 | 0.72 | 0.66 | 0.64 | 
| 126回目 | 0.64 | 0.69 | 0.63 | 0.7 | 
| 127回目 | 0.55 | 0.7 | 0.63 | 0.61 | 
| 128回目 | 0.61 | 0.67 | 0.71 | 0.62 | 
| 129回目 | 0.66 | 0.65 | 0.68 | 0.65 | 
| 130回目 | 0.62 | 0.8 | 0.77 | 0.72 | 
| 131回目 | 0.63 | 0.68 | 0.69 | 0.67 | 
| 132回目 | 0.71 | 0.74 | 0.76 | 0.69 | 
| 133回目 | 0.72 | 0.74 | 0.74 | 0.71 | 
| 134回目 | 0.72 | 0.72 | 0.72 | 0.76 | 
| 135回目 | 0.66 | 0.68 | 0.7 | 0.7 | 
| 136回目 | 0.66 | 0.71 | 0.66 | 0.69 | 
| 137回目 | 0.71 | 0.75 | 0.72 | 0.68 | 
| 138回目 | 0.79 | 0.78 | 0.8 | 0.8 | 
| 139回目 | 0.57 | 0.71 | 0.64 | 0.64 | 
| 140回目 | 0.57 | 0.6 | 0.56 | 0.63 | 
| 141回目 | 0.67 | 0.68 | 0.72 | 0.74 | 
| 142回目 | 0.68 | 0.76 | 0.75 | 0.74 | 
| 143回目 | 0.7 | 0.75 | 0.7 | 0.67 | 
| 144回目 | 0.66 | 0.7 | 0.8 | 0.7 | 
| 145回目 | 0.65 | 0.68 | 0.64 | 0.66 | 
| 146回目 | 0.75 | 0.72 | 0.74 | 0.71 | 
| 147回目 | 0.69 | 0.7 | 0.71 | 0.66 | 
| 148回目 | 0.67 | 0.74 | 0.69 | 0.69 | 
| 149回目 | 0.65 | 0.67 | 0.65 | 0.67 | 
| 150回目 | 0.63 | 0.72 | 0.67 | 0.68 | 
| 151回目 | 0.68 | 0.72 | 0.71 | 0.73 | 
| 152回目 | 0.65 | 0.72 | 0.68 | 0.69 | 
| 153回目 | 0.58 | 0.69 | 0.75 | 0.64 | 
| 154回目 | 0.68 | 0.66 | 0.76 | 0.76 | 
| 155回目 | 0.75 | 0.72 | 0.76 | 0.74 | 
| 156回目 | 0.61 | 0.67 | 0.63 | 0.66 | 
| 157回目 | 0.68 | 0.73 | 0.67 | 0.71 | 
| 158回目 | 0.68 | 0.66 | 0.72 | 0.64 | 
| 159回目 | 0.61 | 0.72 | 0.66 | 0.73 | 
| 160回目 | 0.65 | 0.68 | 0.66 | 0.69 | 
| 161回目 | 0.63 | 0.64 | 0.65 | 0.67 | 
| 162回目 | 0.62 | 0.66 | 0.66 | 0.72 | 
| 163回目 | 0.66 | 0.67 | 0.66 | 0.7 | 
| 164回目 | 0.68 | 0.66 | 0.72 | 0.68 | 
| 165回目 | 0.69 | 0.75 | 0.68 | 0.73 | 
| 166回目 | 0.7 | 0.64 | 0.69 | 0.69 | 
| 167回目 | 0.63 | 0.73 | 0.75 | 0.67 | 
| 168回目 | 0.7 | 0.68 | 0.72 | 0.79 | 
| 169回目 | 0.69 | 0.69 | 0.67 | 0.71 | 
| 170回目 | 0.64 | 0.7 | 0.65 | 0.72 | 
| 171回目 | 0.56 | 0.62 | 0.65 | 0.63 | 
| 172回目 | 0.65 | 0.74 | 0.69 | 0.74 | 
| 173回目 | 0.68 | 0.77 | 0.73 | 0.69 | 
| 174回目 | 0.6 | 0.65 | 0.63 | 0.69 | 
| 175回目 | 0.69 | 0.74 | 0.7 | 0.69 | 
| 176回目 | 0.58 | 0.7 | 0.69 | 0.63 | 
| 177回目 | 0.64 | 0.75 | 0.77 | 0.69 | 
| 178回目 | 0.67 | 0.73 | 0.66 | 0.72 | 
| 179回目 | 0.61 | 0.74 | 0.65 | 0.71 | 
| 180回目 | 0.63 | 0.67 | 0.79 | 0.72 | 
| 181回目 | 0.67 | 0.7 | 0.71 | 0.75 | 
| 182回目 | 0.75 | 0.75 | 0.74 | 0.76 | 
| 183回目 | 0.63 | 0.69 | 0.71 | 0.64 | 
| 184回目 | 0.63 | 0.71 | 0.68 | 0.67 | 
| 185回目 | 0.73 | 0.76 | 0.72 | 0.73 | 
| 186回目 | 0.57 | 0.6 | 0.63 | 0.63 | 
| 187回目 | 0.71 | 0.72 | 0.73 | 0.68 | 
| 188回目 | 0.65 | 0.66 | 0.64 | 0.67 | 
| 189回目 | 0.66 | 0.7 | 0.7 | 0.71 | 
| 190回目 | 0.53 | 0.66 | 0.67 | 0.59 | 
| 191回目 | 0.65 | 0.64 | 0.63 | 0.67 | 
| 192回目 | 0.63 | 0.63 | 0.67 | 0.63 | 
| 193回目 | 0.71 | 0.73 | 0.72 | 0.77 | 
| 194回目 | 0.61 | 0.69 | 0.66 | 0.73 | 
| 195回目 | 0.62 | 0.71 | 0.68 | 0.71 | 
| 196回目 | 0.69 | 0.67 | 0.73 | 0.74 | 
| 197回目 | 0.57 | 0.67 | 0.63 | 0.58 | 
| 198回目 | 0.59 | 0.63 | 0.66 | 0.64 | 
| 199回目 | 0.66 | 0.71 | 0.64 | 0.69 | 
| 200回目 | 0.69 | 0.65 | 0.78 | 0.75 | 
| 201回目 | 0.71 | 0.71 | 0.71 | 0.71 | 
| 202回目 | 0.57 | 0.64 | 0.64 | 0.64 | 
| 203回目 | 0.63 | 0.68 | 0.68 | 0.68 | 
| 204回目 | 0.64 | 0.64 | 0.63 | 0.66 | 
| 205回目 | 0.64 | 0.63 | 0.68 | 0.62 | 
| 206回目 | 0.55 | 0.67 | 0.62 | 0.63 | 
| 207回目 | 0.7 | 0.71 | 0.68 | 0.71 | 
| 208回目 | 0.57 | 0.58 | 0.66 | 0.62 | 
| 209回目 | 0.65 | 0.7 | 0.78 | 0.74 | 
| 210回目 | 0.73 | 0.76 | 0.82 | 0.73 | 
| 211回目 | 0.69 | 0.73 | 0.67 | 0.74 | 
| 212回目 | 0.69 | 0.67 | 0.72 | 0.63 | 
| 213回目 | 0.61 | 0.71 | 0.75 | 0.66 | 
| 214回目 | 0.57 | 0.68 | 0.67 | 0.66 | 
| 215回目 | 0.65 | 0.7 | 0.66 | 0.66 | 
| 216回目 | 0.64 | 0.6 | 0.57 | 0.61 | 
| 217回目 | 0.66 | 0.71 | 0.73 | 0.69 | 
| 218回目 | 0.62 | 0.72 | 0.72 | 0.73 | 
| 219回目 | 0.54 | 0.59 | 0.6 | 0.6 | 
| 220回目 | 0.66 | 0.73 | 0.73 | 0.79 | 
| 221回目 | 0.59 | 0.75 | 0.64 | 0.71 | 
| 222回目 | 0.58 | 0.65 | 0.65 | 0.68 | 
| 223回目 | 0.66 | 0.69 | 0.68 | 0.7 | 
| 224回目 | 0.71 | 0.74 | 0.78 | 0.78 | 
| 225回目 | 0.64 | 0.71 | 0.64 | 0.66 | 
| 226回目 | 0.57 | 0.7 | 0.7 | 0.64 | 
| 227回目 | 0.77 | 0.72 | 0.76 | 0.71 | 
| 228回目 | 0.59 | 0.69 | 0.63 | 0.7 | 
| 229回目 | 0.51 | 0.63 | 0.66 | 0.64 | 
| 230回目 | 0.68 | 0.65 | 0.66 | 0.74 | 
| 231回目 | 0.58 | 0.65 | 0.63 | 0.64 | 
| 232回目 | 0.73 | 0.66 | 0.67 | 0.65 | 
| 233回目 | 0.6 | 0.67 | 0.7 | 0.7 | 
| 234回目 | 0.65 | 0.74 | 0.67 | 0.74 | 
| 235回目 | 0.72 | 0.76 | 0.77 | 0.76 | 
| 236回目 | 0.67 | 0.65 | 0.65 | 0.65 | 
| 237回目 | 0.66 | 0.79 | 0.75 | 0.74 | 
| 238回目 | 0.69 | 0.73 | 0.7 | 0.67 | 
| 239回目 | 0.65 | 0.76 | 0.71 | 0.73 | 
| 240回目 | 0.69 | 0.72 | 0.72 | 0.74 | 
| 241回目 | 0.64 | 0.69 | 0.69 | 0.71 | 
| 242回目 | 0.67 | 0.74 | 0.63 | 0.71 | 
| 243回目 | 0.71 | 0.7 | 0.65 | 0.74 | 
| 244回目 | 0.72 | 0.72 | 0.76 | 0.71 | 
| 245回目 | 0.65 | 0.68 | 0.63 | 0.69 | 
| 246回目 | 0.62 | 0.71 | 0.7 | 0.68 | 
| 247回目 | 0.68 | 0.75 | 0.71 | 0.77 | 
| 248回目 | 0.59 | 0.7 | 0.65 | 0.62 | 
| 249回目 | 0.68 | 0.7 | 0.73 | 0.74 | 
| 250回目 | 0.66 | 0.68 | 0.71 | 0.7 | 
| 251回目 | 0.69 | 0.69 | 0.67 | 0.72 | 
| 252回目 | 0.69 | 0.71 | 0.71 | 0.74 | 
| 253回目 | 0.7 | 0.68 | 0.74 | 0.7 | 
| 254回目 | 0.61 | 0.73 | 0.67 | 0.67 | 
| 255回目 | 0.7 | 0.75 | 0.74 | 0.7 | 
| 256回目 | 0.62 | 0.67 | 0.67 | 0.6 | 
| 257回目 | 0.76 | 0.78 | 0.8 | 0.76 | 
| 258回目 | 0.65 | 0.73 | 0.71 | 0.73 | 
| 259回目 | 0.65 | 0.7 | 0.73 | 0.61 | 
| 260回目 | 0.53 | 0.59 | 0.61 | 0.61 | 
| 261回目 | 0.61 | 0.7 | 0.7 | 0.69 | 
| 262回目 | 0.63 | 0.72 | 0.69 | 0.69 | 
| 263回目 | 0.63 | 0.72 | 0.7 | 0.78 | 
| 264回目 | 0.53 | 0.67 | 0.6 | 0.63 | 
| 265回目 | 0.64 | 0.71 | 0.7 | 0.62 | 
| 266回目 | 0.65 | 0.73 | 0.66 | 0.64 | 
| 267回目 | 0.61 | 0.72 | 0.72 | 0.68 | 
| 268回目 | 0.7 | 0.74 | 0.75 | 0.73 | 
| 269回目 | 0.67 | 0.72 | 0.7 | 0.77 | 
| 270回目 | 0.63 | 0.7 | 0.63 | 0.75 | 
| 271回目 | 0.64 | 0.63 | 0.69 | 0.69 | 
| 272回目 | 0.61 | 0.59 | 0.58 | 0.56 | 
| 273回目 | 0.68 | 0.67 | 0.72 | 0.75 | 
| 274回目 | 0.61 | 0.71 | 0.71 | 0.66 | 
| 275回目 | 0.63 | 0.73 | 0.7 | 0.72 | 
| 276回目 | 0.63 | 0.68 | 0.7 | 0.61 | 
| 277回目 | 0.58 | 0.73 | 0.67 | 0.62 | 
| 278回目 | 0.7 | 0.74 | 0.68 | 0.65 | 
| 279回目 | 0.55 | 0.72 | 0.69 | 0.69 | 
| 280回目 | 0.59 | 0.68 | 0.73 | 0.65 | 
| 281回目 | 0.64 | 0.71 | 0.71 | 0.65 | 
| 282回目 | 0.65 | 0.68 | 0.71 | 0.65 | 
| 283回目 | 0.68 | 0.76 | 0.78 | 0.75 | 
| 284回目 | 0.61 | 0.69 | 0.68 | 0.69 | 
| 285回目 | 0.58 | 0.66 | 0.68 | 0.66 | 
| 286回目 | 0.73 | 0.74 | 0.74 | 0.77 | 
| 287回目 | 0.67 | 0.73 | 0.65 | 0.72 | 
| 288回目 | 0.59 | 0.67 | 0.65 | 0.68 | 
| 289回目 | 0.65 | 0.72 | 0.71 | 0.72 | 
| 290回目 | 0.58 | 0.64 | 0.57 | 0.6 | 
| 291回目 | 0.7 | 0.73 | 0.71 | 0.69 | 
| 292回目 | 0.65 | 0.71 | 0.7 | 0.71 | 
| 293回目 | 0.59 | 0.64 | 0.64 | 0.67 | 
| 294回目 | 0.66 | 0.67 | 0.72 | 0.71 | 
| 295回目 | 0.59 | 0.67 | 0.6 | 0.51 | 
| 296回目 | 0.7 | 0.66 | 0.76 | 0.75 | 
| 297回目 | 0.66 | 0.76 | 0.69 | 0.69 | 
| 298回目 | 0.73 | 0.73 | 0.78 | 0.76 | 
| 299回目 | 0.62 | 0.65 | 0.66 | 0.68 | 
| 300回目 | 0.67 | 0.71 | 0.7 | 0.73 | 
PRDC 平均正解率: 0.643233
PAIR_MULTIPLE 平均精度上昇率: 0.0533667
PAIR_MULTIPLE_LOG 平均精度上昇率: 0.0477667
RECOMPRESSION 平均精度上昇率: 0.0434
処理時間:30637秒

